1,0.13378960537993534,0.04864296113402385  
2,0.04444149625893254,0.034524571590969715  
3,0.036276985024741304,0.027454497136652763  
4,0.030484313937066323,0.022929389460994105  
5,0.02757030436671777,0.023165778867129623  
6,0.025726174410004233,0.019515919925764277  
7,0.02437301611573231,0.019471960234010748  
8,0.02323681799506684,0.01799613037353079  
9,0.022384851385647827,0.017857095841410126  
10,0.02160472803155304,0.018528578087247064  
11,0.020972217683021616,0.01879682658891666  
12,0.02037409033613338,0.018602455328470966  
13,0.019836457556548434,0.018552089816537397  
14,0.01939492971873242,0.01892384163704999  
15,0.019024409574394857,0.01702509603917305  
16,0.018467882700030813,0.0148530179506232  
17,0.018120625455464636,0.01737364697192103  
18,0.01773115152084246,0.01400756161072718  
19,0.01748085231925864,0.0152162173212382  
20,0.01711302811039761,0.01487659462016498  
21,0.01676918383856476,0.01307128973562142  
22,0.016515309296107044,0.012430332660711751  
23,0.01624009358771275,0.013475054379534251  
24,0.01602886136270774,0.012532800101110794  
25,0.015771976996615582,0.01440402690614826  
26,0.015499914000102867,0.013228410276873359  
27,0.015429774227873373,0.012239887259827165  
28,0.015161925209653709,0.011993561632784424  
29,0.014930246955997437,0.012297516652002124  
30,0.014742076065949447,0.011703381525912309  
31,0.014671208369399613,0.012571377652178844  
32,0.01443913042584259,0.01119404344869952  
33,0.014246336638745739,0.012379384443641003  
34,0.014171881643399753,0.011708736626128551  
35,0.013970334063371715,0.010862740366880235  
36,0.013798469297899393,0.010663082382728901  
37,0.013697262678152593,0.010659989547626725  
38,0.013588575652771296,0.012204069933243867  
39,0.0134410198894735,0.010294113900016975  
40,0.013284940937800067,0.010812828147536134  
41,0.01315242135799928,0.010158470689589754  
42,0.013042170830226733,0.011640710467151526  
43,0.01295423905855168,0.010182934537933671  
44,0.012809805909515673,0.009711830174834858  
45,0.01272869546238969,0.009822626827569137  
46,0.012673095238592983,0.010935929007461213  
47,0.012440185471460587,0.01222171314666277  
48,0.012498784709708824,0.010956492963169008  
49,0.012270716797781115,0.01196634256524112  
50,0.012254476063732278,0.011338762571952613  
51,0.012144958999540125,0.011194453317800472  
52,0.012051557388662877,0.010200429937155376  
53,0.011910248161634295,0.009284375249201735  
54,0.011961157141636265,0.009731616824865341  
55,0.011740774837832002,0.009420540381057803  
56,0.011693625753089942,0.009884049551644056  
57,0.011591496429558623,0.010670721191417407  
58,0.011582118111828063,0.008900057519854877  
59,0.011455134397781477,0.008851519785821438  
60,0.011404345113823015,0.009781561415697554  
61,0.011293995745791582,0.01229532140541106  
62,0.011243563476391785,0.009068699957334937  
63,0.011170580227070777,0.009877198426227264  
64,0.011093539737476496,0.010488486954290879  
65,0.011037254225761217,0.00901170257534006  
66,0.010974223462650584,0.01003643689594539  
67,0.01094420155581697,0.009081034755949022  
68,0.010801901375608785,0.009077829845579975  
69,0.010776199523735961,0.010216830798374314  
70,0.010755216167389515,0.009390407806179793  
71,0.010670266701525096,0.010410816326113464  
72,0.010615109790518933,0.010418551446402014  
73,0.01047557653398464,0.00857053659030516  
74,0.010544789851179107,0.008543953538087788  
75,0.010402517247205204,0.009820024716883457  
76,0.01033978526989965,0.007911568291925738  
77,0.01031464744255414,0.007598869238746137  
78,0.010271355805055397,0.010579066337292711  
79,0.010166779867915325,0.009336835980011619  
80,0.010139007481522468,0.008328434687768444  
81,0.010128500816194853,0.007773494120834056  
82,0.010005021928598656,0.009179327581903617  
83,0.01004151825367989,0.008398237491366018  
84,0.009921574449160165,0.008543219912815564  
85,0.00991972357372166,0.00896800747095364  
86,0.009831563050401127,0.00773616150718898  
87,0.009831242302257424,0.010080112878398355  
88,0.009744332684690736,0.00819658040266319  
89,0.00970557829825928,0.00836557456810633  
90,0.009623135816474617,0.008074014771069065  
91,0.009603163156048346,0.007147988435247996  
92,0.00959684809780183,0.007620223875850292  
93,0.009553374862136118,0.0070793495394216085  
94,0.009453739798936071,0.008985955882909263  
95,0.009461880301349255,0.008478431398131578  
96,0.009402975099297559,0.008788081193388683  
97,0.00941681716500259,0.009749596525589233  
98,0.009311750417620671,0.008580237003089172  
99,0.009279886792813028,0.007360964715297293  
100,0.009214117853717315,0.007968753892836605  
101,0.009225804368455858,0.007010174828026389  
102,0.009159951602215862,0.007598899701711139  
103,0.009154843197298278,0.007321707291868079  
104,0.009069906151772377,0.006826072064196241  
105,0.009046327815965493,0.008294160569572977  
106,0.009022272607305116,0.00708974499182014  
107,0.008968974749203966,0.007351778280173469  
108,0.008961414129762077,0.0074109826007573475  
109,0.008942822586641183,0.006822460119984127  
110,0.008847598007552403,0.00996107284640297  
111,0.008846723503767405,0.008029711324941789  
112,0.008761662843828625,0.007381677260539802  
113,0.008826945830487,0.0077302130627367885  
114,0.008739784817480667,0.007454177720261178  
115,0.008720874857767534,0.007877570877466442  
116,0.008684319974562536,0.008808506423323025  
117,0.008663130193974706,0.008065087101399311  
118,0.008597255178211251,0.0082778228272505  
119,0.008611894060146933,0.006806749710583775  
120,0.00854916748905535,0.0069131197641819275  
121,0.008545661864328468,0.006580244391936387  
122,0.008503401892110445,0.007284100318850555  
123,0.008482076923723108,0.007408216467191433  
124,0.008430876533861048,0.007553025678699386  
125,0.008432007251949883,0.006794657133831619  
126,0.008375157626469065,0.008221658749570107  
127,0.008322592527777579,0.006885444910582063  
128,0.008394582633526172,0.006190016143152426  
129,0.008308019167792299,0.006507637667391688  
130,0.008289794379176787,0.006995204186957017  
131,0.008255586000516336,0.008064003996184014  
132,0.008266997741022592,0.00699928348535314  
133,0.00821619563434234,0.008165924878690042  
134,0.008152627994595193,0.006323717458843451  
135,0.008155310026756147,0.006505388913336646  
136,0.008143867176181867,0.007915756376139048  
137,0.00811985676673335,0.007057391077261693  
138,0.008044126962769115,0.007361614461896455  
139,0.008097223186287835,0.00816876456609427  
140,0.008048076971145249,0.007138730079541212  
141,0.00794888780215424,0.006112990756358566  
142,0.008066051771040058,0.008174624782642853  
143,0.008002704019148798,0.007682006393233544  
144,0.007957320173598749,0.007394495812414462  
145,0.007945246718668149,0.007851940352616492  
146,0.007893103380924422,0.006098959326578919  
147,0.007915813329821057,0.0073570847382833215  
148,0.007893446617101023,0.006648018678622733  
149,0.007838886098137923,0.00627550967909359  
150,0.007849450119307025,0.006634245927129033  
151,0.007804287404457971,0.007329762663251808  
152,0.0077743472301041,0.0068806241073742  
153,0.007764961476395562,0.006302412567210609  
154,0.007770231905480918,0.007308563639597939  
155,0.007729571205580069,0.006813113488201877  
156,0.007732156649530453,0.006152777418751141  
157,0.007704272108535422,0.007823130237443254  
158,0.0076642740916992936,0.006611343466314336  
159,0.00765691815067459,0.00669596932387998  
160,0.007635371610262668,0.007832754557043901  
161,0.007625282819963706,0.007321964602990837  
162,0.00760299222096022,0.006996314133072428  
163,0.007600159661760002,0.007293827067877125  
164,0.007565081809105462,0.006385234680045121  
165,0.007539510869709872,0.006213369481082033  
166,0.007512216232327634,0.0067791333949661315  
167,0.0074938789581172555,0.006741516000770142  
168,0.007497488203026899,0.006352368760578738  
169,0.007495457880873921,0.007023718698968734  
170,0.007453728457490949,0.00623117181073342  
171,0.007444511724227085,0.006300169497434729  
172,0.007423231295449497,0.006023695891989129  
173,0.007428198819168769,0.007157440295011686  
174,0.0073977853593380815,0.006496273256434595  
175,0.007388494556724298,0.0071140838663089154  
176,0.007375893640601261,0.006529119948448219  
177,0.0073417354673666405,0.007336962585030078  
178,0.007334745922271902,0.006881077159104383  
179,0.007318392045510355,0.006711977976718413  
180,0.007305551333294513,0.006321539093047527  
181,0.007263408207986828,0.007668874978909058  
182,0.007287728103714953,0.006580839736451362  
183,0.0072833696649594794,0.005525810265537406  
184,0.00721873673821316,0.006534493562714953  
185,0.00724422343510109,0.006210047802130871  
186,0.0072225110511253314,0.0061008731095955285  
187,0.007199654590909594,0.007245179988315393  
188,0.007189499146146018,0.00811160261756534  
189,0.007173239686672384,0.00620511506358391  
190,0.007142691305134355,0.006477573189168728  
191,0.007119392984277384,0.006858583344743023  
192,0.007153100121558647,0.00672607371133977  
193,0.0071285784257517455,0.006888425145114731  
194,0.007059797777661255,0.007396889302255631  
195,0.007124080898675042,0.007266592307777827  
196,0.007067427164079939,0.007107705306812313  
197,0.0070968338804325995,0.0057988374154519275  
198,0.0070293754653985695,0.005916332188314699  
199,0.0070491175959049,0.005564768016430104  
200,0.007007915090172444,0.005622180626071586  
201,0.007020472727378486,0.0057122404434777835  
202,0.006999070540343116,0.005696524482844352  
203,0.006971448570658624,0.0055481452228767535  
204,0.006992374485170384,0.005713059193009667  
205,0.006982381122985056,0.005618574733162308  
206,0.0069660954226055,0.006976201751824523  
207,0.006935768048457464,0.006584376665612159  
208,0.00691647098792347,0.006921778595891639  
209,0.006931763275393418,0.0062200114259432105  
210,0.006917862247558837,0.005914801525254848  
211,0.006887347414726164,0.005594248628803515  
212,0.006866068030847074,0.006963308299593444  
213,0.006885569417712892,0.006206457367799993  
214,0.0068288535262597564,0.006622318139419033  
215,0.0068291299035350824,0.0056701971933686085  
216,0.006835834533690056,0.005877972500206068  
217,0.006846002423129846,0.006468138242314749  
218,0.00676835739323123,0.005593861909720845  
219,0.006820957351618735,0.005923997000630559  
220,0.006823333687690908,0.0054626331866484855  
221,0.006765450939912518,0.0052330444975219334  
222,0.006762287890999367,0.005789377125613208  
223,0.006766490743719431,0.00553616718274399  
224,0.006685416459167565,0.0058905642658582166  
225,0.006778030159789095,0.005670987730249395  
226,0.0067006616450794275,0.006711931557399152  
227,0.0067118222059402936,0.005463373016914711  
228,0.0067414716129493004,0.006150692921553926  
229,0.006638629800065677,0.0056755223031628305  
230,0.0067377535996225235,0.005507885570192866  
231,0.006643596984679691,0.00655739354153205  
232,0.0066857303311003416,0.0055052639361415886  
233,0.006625672752031154,0.0067525450644895365  
234,0.006626880662807812,0.005823340767012734  
235,0.006637090735968189,0.005702330295014851  
236,0.0066216272311706995,0.005786639739176616  
237,0.006593101886701397,0.006008120361495341  
238,0.0066267407729650625,0.005891145824046411  
239,0.0065943408913209465,0.005958777522035126  
240,0.00659966786012365,0.006075951582729229  
241,0.006558690638725974,0.005104905755942678  
242,0.006556934174085328,0.00634317312463017  
243,0.006519226251877455,0.005843512750611517  
244,0.006566128688653483,0.005953990306081296  
245,0.006524434034105793,0.00678951778160087  
246,0.006535132274434022,0.005766847485153399  
247,0.0065104987858453905,0.005232400795343915  
248,0.006505011168766105,0.005210973058593244  
249,0.006490969147779801,0.005296682482447677  
250,0.006477527505351484,0.005798496443576414  
251,0.006469634772060952,0.005545611408415246  
252,0.006465750496561934,0.0062832826441108006  
253,0.006480002993205076,0.005285211513048322  
254,0.006443855005481933,0.006378191892571491  
255,0.006437012894916306,0.0049584235862961835  
256,0.006426905272106676,0.005091676270598408  
257,0.006405161810513158,0.006040551410666828  
258,0.0064521314955936285,0.005410306258907018  
259,0.006363710675726057,0.006929533039976663  
260,0.006456683834411126,0.005822450633670016  
261,0.006369306454402541,0.0052351607858510734  
262,0.006401617385005702,0.005181914119719725  
263,0.006360567077501103,0.005440378699249822  
264,0.0063606666608710324,0.005004926394267475  
265,0.006373604835832057,0.005278797400427129  
266,0.006318531060779552,0.005868643563552736  
267,0.0063596162588079215,0.005893884907967498  
268,0.0063217410652246005,0.006229692569984298  
269,0.006325467844990176,0.006622817172333965  
270,0.006316564092899345,0.006062779435658543  
271,0.006287363171252951,0.0061392572483625904  
272,0.006322776962019737,0.004721133586643218  
273,0.0062796456564075025,0.005840087100734998  
274,0.0062769385742653125,0.005569024133069322  
275,0.006267904706351225,0.005878372331209517  
276,0.006279879658505684,0.005290434975635829  
277,0.006252076731546935,0.004819891488941138  
278,0.006269141118194687,0.0051138591126818666  
279,0.006227293309758869,0.005671094804818701  
280,0.0062206185744095345,0.005272554224494643  
281,0.0062538267353400324,0.005094252939661735  
282,0.00621413804577722,0.005295439678349812  
283,0.006199093493357145,0.00526753076916478  
284,0.006206717264257657,0.006224582714987506  
285,0.006166896141922744,0.005992614400339097  
286,0.006204231449107572,0.0051199461659187165  
287,0.006190953466340328,0.00486479967997726  
288,0.006176768561974427,0.005576227527809114  
289,0.006176173344630917,0.006460939850566423  
290,0.006144265739980579,0.00539686583817519  
291,0.006172465244859768,0.0049223779595177165  
292,0.006140861272461427,0.005181164150424485  
293,0.006126831519297399,0.005113891525460141  
294,0.006127545618182795,0.005281970847691661  
295,0.006149124081541852,0.005280530541272733  
296,0.006114292839535541,0.004949475115559665  
297,0.006096555244579963,0.005280786349892323  
298,0.0060975549398606665,0.005152642919585623  
299,0.006119764726349389,0.005680506025886007  
300,0.006096087603826556,0.005670688461438923  
301,0.006067099770083245,0.005053414082328968  
302,0.006092671992886773,0.005301961234857883  
303,0.0060502535238446675,0.005267762267053715  
304,0.0060630329845648406,0.005530111913757371  
305,0.006042580465860795,0.005758129670445262  
306,0.006084298155228331,0.0055014509982957045  
307,0.006057106461440852,0.005157965652901551  
308,0.006038505502875881,0.004816373876695122  
309,0.005993244158694657,0.005008550601658122  
310,0.006028623037845,0.005036296793190864  
311,0.005997288000253954,0.005149236600387273  
312,0.005987985126141991,0.006193930413941004  
313,0.006041390388126676,0.005027080521336183  
314,0.005993296238123228,0.00539219559725429  
315,0.005970118849664823,0.0052304484656658665  
316,0.005971370886310364,0.004661485495440332  
317,0.005966355847292141,0.004717733100827398  
318,0.005957143076205503,0.006012029363200289  
319,0.00595750881826265,0.004573536880791481  
320,0.00595480404657925,0.004966148429921842  
321,0.0059368394360673135,0.005475008355572893  
322,0.005935450855201234,0.005331469954363084  
323,0.005930857083886758,0.004714686187268625  
324,0.005945929261216511,0.0056728549127288055  
325,0.005903117946034317,0.005120904597779506  
326,0.005907157911409588,0.0046538570253499625  
327,0.005910160962673949,0.005296909970602966  
328,0.00591923382444768,0.005260682050046956  
329,0.0058893571552603085,0.00468959367554176  
330,0.0058601955227709605,0.004925990529963976  
331,0.0059230630156236865,0.005970763946364959  
332,0.005846316192805351,0.005460020386398279  
333,0.005881173125685611,0.005260180425027321  
334,0.005851320263634368,0.00563632219736212  
335,0.0058403377379014935,0.005883837455947851  
336,0.005855219875128116,0.005453301121118327  
337,0.005822242341468351,0.004381677028011953  
338,0.005849819904589175,0.004749742721946075  
339,0.005808520499123618,0.004989855234589189  
340,0.0058263754601937555,0.006003198635952519  
341,0.005814882663795757,0.004963811363088967  
342,0.00582948750864961,0.004972845914640597  
343,0.00576501702630198,0.005334087122195019  
344,0.005823010281831649,0.004811667692686977  
345,0.005773401973308275,0.004753465321502222  
346,0.005772926254061664,0.005087949450270002  
347,0.0057870468630971394,0.00499357515487251  
348,0.005781681296328011,0.004553310793315248  
349,0.005758402322318392,0.004926828018348352  
350,0.005763691475206032,0.0052942050519982  
351,0.005749845090370872,0.004588703166124562  
352,0.005739308737919306,0.004988356734272735  
353,0.0057613895832843275,0.004950660638731395  
354,0.005733902707293578,0.005095088670920268  
355,0.005717119041388978,0.004585114426984282  
356,0.005709348139369322,0.00518863692448424  
357,0.005723119711743519,0.005266003425375288  
358,0.005703206659207049,0.005331050735334017  
359,0.005716131883267741,0.004873454091345588  
360,0.005680971691313521,0.004448181247623096  
361,0.005663306100248564,0.005081252568846412  
362,0.005715353983918445,0.00533934800743396  
363,0.005643468355039582,0.006055348561939054  
364,0.005702279220929025,0.004844418596109293  
365,0.005662470692541541,0.004850933270923463  
366,0.005637035661341317,0.00477486165937752  
367,0.005686261087578141,0.004731079506151048  
368,0.00565788179201168,0.005032776038304632  
369,0.005630150638546678,0.006570939899059792  
370,0.005652562541504251,0.005874372559962014  
371,0.005619238182668694,0.005118294570851943  
372,0.0056470319683880965,0.005050393511894448  
373,0.005623980931522331,0.004661658276423004  
374,0.005609844314771662,0.005104221098510356  
375,0.0055979051568808245,0.004799493767431217  
376,0.005607905142165019,0.005199229255263588  
377,0.0056137117875240195,0.0058274563617563896  
378,0.005578135810338143,0.005216701832494419  
379,0.0056155872716201725,0.004707592525725881  
380,0.005550559412181793,0.005483626043928668  
381,0.005596075833285104,0.0046228566252869635  
382,0.005565198227594435,0.00468604279259963  
383,0.005581280797434393,0.006084828353096992  
384,0.005566203410214767,0.0047526351621218505  
385,0.005570090142198764,0.0048360204154377796  
386,0.005545913608491628,0.004542712739260473  
387,0.005524133702006697,0.004753199860159987  
388,0.005581729065380237,0.005264322197734575  
389,0.005515829619435587,0.00507366929313379  
390,0.0055135970153174126,0.004392543543827504  
391,0.005555712723397108,0.004879027260972068  
392,0.0055035820834416545,0.005749272196347197  
393,0.005523632863010783,0.0048673796407841695  
394,0.005480907307386087,0.005325492313177568  
395,0.00550548280410806,0.004708735705835038  
396,0.005505573002861664,0.005206644810332453  
397,0.005487073371868308,0.004871969771906366  
398,0.005497076405854799,0.0055520195775468064  
399,0.005470065872155727,0.004840965123544333  
400,0.005528087852659022,0.004241534001813293  
401,0.0054609595720075356,0.00514575546341283  
402,0.00546408242802379,0.005159035366340517  
403,0.00546183333754903,0.005010664061611068  
404,0.0054681656934087285,0.004493981978300904  
405,0.005418696663040629,0.004380480127106306  
406,0.005492507171807388,0.00561423892191992  
407,0.005435041046477465,0.005300278621702799  
408,0.005451933127091322,0.004453571508707377  
409,0.005428306325192755,0.004374623055491835  
410,0.00542348258372539,0.004896087521512813  
411,0.005430195894325964,0.004847578594250045  
412,0.005429671626239496,0.004684751360158761  
413,0.005404594420854535,0.004384704730175252  
414,0.005389343231643845,0.005261500421085675  
415,0.005417520779051951,0.00446626908728495  
416,0.00539151218294682,0.004232646475357963  
417,0.005406041811333924,0.004722256741023122  
418,0.005381468102621492,0.004419233532980305  
