1,0.1387902452703327,0.11257670886623554  
2,0.10536321365010098,0.10171594193730599  
3,0.09885150398058659,0.09530203455151656  
4,0.09127610426424715,0.08986702360785924  
5,0.08887848145592853,0.08876527215425785  
6,0.087393195523173,0.08727286975735273  
7,0.08671848594075274,0.08582999012791194  
8,0.08602894002290638,0.08594802060188392  
9,0.08545587587234614,0.08560393445002727  
10,0.08500377572787082,0.08639188846334434  
11,0.08459677823516719,0.08411419993409744  
12,0.08408599867082922,0.08369538980798844  
13,0.08380343837430106,0.0837597206999094  
14,0.08316896949201594,0.08360747467630948  
15,0.08291129935580446,0.08328081438174614  
16,0.08272044627410371,0.08313213422512397  
17,0.08259518109166714,0.08314185742384349  
18,0.08225676830848465,0.0825882783302894  
19,0.08205332530810096,0.08292779383751062  
20,0.08185116611325832,0.08197302982593194  
