1,0.0737479288546362,0.022605286571633052  
2,0.016430644363891786,0.012057812526601876  
3,0.012834125986965275,0.009225147074372898  
4,0.01111624484317124,0.008814780876554292  
5,0.010094759096667327,0.008052711409466166  
6,0.009330350727180362,0.0067149007559887  
7,0.008708818335384649,0.008402667072569502  
8,0.008270421544031502,0.007054671718569224  
9,0.007926740362357595,0.007261081986367849  
10,0.007618823659830185,0.007958433037999962  
11,0.0073541699233708275,0.006579091153084644  
