1,0.06623637662586117,0.016743313099069547  
2,0.016659934049306428,0.012894740777796712  
3,0.013831867348812326,0.012022678643978876  
4,0.012374844036372233,0.009793997228402516  
5,0.01140139794975103,0.00995053220632041  
6,0.010681441978569326,0.008088861399426543  
7,0.010136711625723627,0.008842281946738072  
8,0.009746493578256217,0.0083891406398395  
9,0.009360173826851927,0.007146666959625453  
10,0.009050565325601407,0.006759359519653426  
11,0.008770359745070365,0.007142305809986121  
12,0.00855998222896566,0.006578339550534052  
13,0.00830506807905061,0.007257114928399254  
14,0.008110362098570165,0.006376454666293607  
15,0.007942760802876939,0.008926054164583754  
16,0.007765767071071044,0.006548626456189479  
17,0.007629118470497832,0.006425360685645653  
18,0.0074901906537772995,0.00723685234041857  
19,0.007351795979409785,0.005719338048231132  
20,0.007241147209485476,0.005747025201711896  
21,0.007120024680239628,0.006188747752916637  
22,0.007028190330496582,0.0064274626829904586  
23,0.006910404647955668,0.008259138083223051  
24,0.006837648099831209,0.005309615054814686  
25,0.006736028400683746,0.005076138963326445  
26,0.006671271095114124,0.006957719618628912  
27,0.006570599633504687,0.005407538047069546  
28,0.006498812511725836,0.006192522437720022  
29,0.006440506445123679,0.005890813474933356  
30,0.006354072686271778,0.005821822376307008  
31,0.006295449495393568,0.005543422692551695  
32,0.006240794018242527,0.004871961805198727  
33,0.006150001457633929,0.005963364611448619  
34,0.0061244928427560685,0.006235919706982198  
35,0.006041367056358599,0.005561816623076576  
36,0.005990010934896494,0.005328416397675798  
37,0.005951452498075538,0.005020863131110744  
38,0.005893217440349998,0.005415886521266012  
39,0.005857629295971641,0.004569602845778019  
40,0.0058084464596217114,0.005038529106879176  
41,0.005734794544800466,0.004670790527382948  
42,0.005724820730976929,0.004386098660858981  
43,0.005667388740679929,0.00501769845341814  
44,0.005642190198519675,0.00522019154635336  
45,0.005568884510585931,0.005549414645366627  
46,0.005544608258146526,0.004630881744744302  
47,0.005509979258995198,0.00467768236260696  
48,0.005465610544432936,0.004121166895937376  
49,0.005434307723223227,0.005530119625842336  
50,0.005408664728900057,0.004286227617045782  
51,0.005355662261550339,0.004337938300567895  
52,0.005320403763104432,0.004951332445747306  
53,0.005301462898411208,0.005651197497150287  
54,0.005270297687832285,0.004250114551960981  
55,0.005218595133063889,0.004133947986164337  
56,0.005234065898783492,0.0039626417332902335  
57,0.005151004749910993,0.004188644054020053  
58,0.005152669325665966,0.003752026316971321  
59,0.005089412091452674,0.00461665763212322  
60,0.005097955527079875,0.0047466624161145955  
61,0.00505856921356724,0.005267263899369193  
62,0.005036585480722405,0.00418374471692139  
63,0.004986991898610174,0.004147562600919986  
64,0.004979183262678913,0.00399537918529487  
65,0.004970946212674623,0.004474822512089178  
66,0.004911849910334845,0.004320077293006511  
67,0.004892007465251635,0.004268358014248715  
68,0.004868019750930148,0.00437772703893813  
69,0.004869257311221297,0.004151534738725629  
70,0.004820805002348481,0.0037377157519236574  
71,0.004800988001225559,0.0037265108150471315  
72,0.004768200420220277,0.004995687162788044  
73,0.004778309356678037,0.0039980585877256  
74,0.004719431201210587,0.004953856038599472  
75,0.004714010845313912,0.004020295959204582  
76,0.00469735948520064,0.00482723157247299  
77,0.004667012676365843,0.005319161973710131  
78,0.004652874661694048,0.003860992365723173  
79,0.004621828141107011,0.004691526523144375  
80,0.004579372585785248,0.0035939234942014286  
81,0.0046214217220125866,0.003577959497821669  
82,0.004570680579420888,0.0038380193228149794  
83,0.004527941677332522,0.004485844545011303  
84,0.004539929074357162,0.003656605147329971  
85,0.0045175219952644065,0.0036575893786611963  
86,0.004486037842461264,0.003999303002139838  
87,0.004491101201123072,0.004273485658424241  
88,0.004469351445196316,0.004560502140502918  
89,0.00442798208221013,0.0036233877751682634  
90,0.004430500388610295,0.003782463420567841  
91,0.0044020505127924485,0.0031762501841934004  
92,0.00438797447454984,0.0034708862257157936  
93,0.004377020197476782,0.0038447076365296625  
94,0.004358561773724321,0.004183626164833607  
95,0.004342309635272331,0.003350961705660585  
96,0.004330127365093997,0.003364078897817675  
97,0.004284931313048196,0.0035667888845404235  
98,0.0043121206717985,0.003951309233894709  
99,0.004287476567665267,0.003461141423712223  
100,0.0042747111680607,0.00414859204612709  
101,0.004223925768955241,0.004503205338300302  
102,0.004260336380877758,0.0040980037989948185  
103,0.0042295858059175975,0.004965486463728209  
104,0.00420909711439325,0.0032784265472916106  
105,0.004191631638163776,0.003982785840293971  
106,0.004170911633255152,0.004084156599042598  
107,0.004193675938756392,0.003507528939224743  
108,0.0041413854362270805,0.00391405295658618  
109,0.00414647342211341,0.003926415621472771  
110,0.004128683491302801,0.0032594079688521736  
111,0.004109052805893162,0.0037613041822803137  
112,0.004118635157857864,0.0031216036725624148  
113,0.004094157910403547,0.003943033699918851  
114,0.004057333310155838,0.0033762672792184236  
115,0.004075649812456747,0.004156249657897233  
116,0.004064797499764834,0.003949652475263611  
117,0.004045776367824635,0.0036835266320778084  
118,0.004035640984162506,0.0030265285764256573  
119,0.004004278778948579,0.0035233798372591362  
120,0.004019200370726655,0.0038195830022026167  
121,0.004006687236013603,0.0036737049214101486  
122,0.003968225217084636,0.004936358680388904  
123,0.0039885669197386574,0.0034823924523269016  
124,0.003951484254556489,0.0038626201856844676  
125,0.003947328980914586,0.0033895810630190843  
126,0.0039580531644246445,0.003598358633519687  
127,0.0039036614847992,0.003669382308109714  
128,0.00393866090693984,0.002911342732296348  
129,0.0039004372643310103,0.003191572546344159  
130,0.00391520789936575,0.003581602709010023  
131,0.0038703555561420077,0.0033894780853515483  
132,0.0038969574823656994,0.0031327857186311276  
133,0.0038629296117090013,0.0031404323999774573  
134,0.003857669449796539,0.0032158664329060044  
135,0.0038565793554144173,0.0038712368417861574  
136,0.003850477727708678,0.0031151632489315397  
137,0.0038207736992672166,0.0032515842433137993  
138,0.0038255261538475494,0.004207900209178037  
139,0.003811018002247129,0.0030708226634492282  
140,0.0038097656765110777,0.003365537834128943  
141,0.003787009854903396,0.003391170558827044  
142,0.0037770468593748972,0.0029047764161041953  
143,0.0037553626767653863,0.0031346213095477357  
144,0.0037892699021403963,0.0036003009182185375  
145,0.003761898061865209,0.0030266083192006855  
146,0.003749178444160503,0.0036104320091989092  
147,0.003724806449972548,0.0029065513655341466  
148,0.0037431435965905274,0.003298480512133887  
149,0.0037231505027668223,0.0036095202673373404  
150,0.0036981121964434105,0.0033031189470125242  
151,0.0037228683815102043,0.0027035687570666593  
152,0.0037048637828778273,0.003038339805445207  
153,0.00369505472091168,0.0036627206391668674  
154,0.0036766303452885796,0.0035287220664138863  
155,0.0036788634581241047,0.0029247564038839833  
156,0.0036501464532301426,0.002762112049661173  
157,0.00368095417206304,0.003863848711414437  
158,0.0036446377850360323,0.002792773177627052  
159,0.003655292518781482,0.0034951375879971264  
160,0.0036224414444939734,0.0031601925921887894  
161,0.0036274689244818314,0.003651829112981781  
162,0.0036303128211728148,0.003769830668693766  
163,0.0035988087713048774,0.0036642126225191972  
164,0.0035951616905668645,0.0034580082527081953  
165,0.003599174504768084,0.0032800937718321832  
166,0.0035907394808585417,0.0029280599438369715  
167,0.003574425133146723,0.0035924635508689535  
168,0.003564649654054985,0.0034569031925954547  
169,0.0035614999117619026,0.003308779717161517  
170,0.0035539283912895446,0.002609930749009983  
171,0.0035626313008732093,0.003187303189325876  
172,0.003544881604254298,0.003126934428786483  
173,0.003524359901976913,0.002783575659535201  
174,0.003541610523876303,0.0032199540283310737  
175,0.003510420269171917,0.0028515051295659667  
176,0.0035090302425984416,0.0026697091450868862  
177,0.0035061629604463697,0.003338376950160623  
178,0.0035126383845445687,0.00363852577788636  
179,0.0034939701669730806,0.0034733963396235052  
180,0.003486683885575017,0.0035291859866326374  
181,0.0034782822685963093,0.003442525238560265  
182,0.0034739942059089897,0.0025502297742833646  
183,0.0034749495807424005,0.0028036424713530415  
184,0.0034527862899616543,0.002745796520299659  
185,0.003457774951839478,0.003659651375013252  
186,0.0034368684402395554,0.0033821838556931084  
187,0.0034449062518203343,0.002663403923802188  
188,0.0034502833345368585,0.00293056505131237  
189,0.0034183569079391774,0.0025996074890213207  
190,0.003428113684188217,0.003086988533172628  
191,0.003400564900344241,0.0032756590660606407  
192,0.003411441230756372,0.0030220786460533077  
193,0.0034222114277779278,0.0033801064592570507  
194,0.0033807293841059453,0.0030040450800173533  
195,0.003382923070546142,0.0033175737122211404  
196,0.003410492455229215,0.0027216026018112164  
197,0.0033550011030646985,0.002797185836745233  
198,0.0033783824849438187,0.0029346138167796023  
199,0.0033629317739474578,0.0033025421773363365  
200,0.0033790582244854948,0.0027793172157364967  
