1,0.06768168132901711,0.03103246061782825  
2,0.02859659238440516,0.02079628841043106  
3,0.022084258639791667,0.01843625288731946  
4,0.019390107976048405,0.015288950141354148  
5,0.017601561745592957,0.015769878751024823  
6,0.01628533246265448,0.013308171095702741  
7,0.015281948477133822,0.012359071169690839  
8,0.01444442487967056,0.01140829948754293  
9,0.013738873169268197,0.011247006855134306  
10,0.013150675995941769,0.010847777187860952  
11,0.012613659313380926,0.010600994579640808  
12,0.012198281004686838,0.009784570739150341  
13,0.011792599984215505,0.010293706182592314  
14,0.011436149156140408,0.009681718768047288  
15,0.011111701019498378,0.011934148097236462  
16,0.010847611042360464,0.008565917326678784  
