1,0.1424060542984387,0.11288533923335564  
2,0.10331779093388706,0.09349931986668171  
3,0.08763221453141679,0.0833740736811589  
4,0.08275862161994285,0.08250248260222949  
5,0.0809264170277454,0.0802257134555242  
6,0.08001345380797716,0.07931054794253448  
7,0.07936194786787643,0.07990826341586235  
8,0.07887390835205917,0.08000290584869874  
9,0.07839051129110634,0.07854830301724948  
10,0.07790666532790874,0.07814648241186753  
11,0.07742335950322163,0.07795388175126834  
12,0.0772280141406352,0.07729046151806147  
13,0.07698761353559812,0.0774461506650998  
14,0.07665763227531062,0.07740429148842128  
15,0.07621641598089272,0.07709897357301834  
16,0.07625513887771256,0.07738385741145183  
17,0.07595128091552374,0.07634585646864696  
18,0.07568730989380566,0.07661682367324829  
19,0.07541391966135605,0.0768435439811303  
20,0.07519468324035025,0.07615997508550301  
21,0.07517818651159706,0.07567403704310074  
22,0.07464235939104538,0.07589845130076775  
23,0.07483589603467976,0.07605178692401984  
24,0.074525080964236,0.07545812007708427  
25,0.07438017035384312,0.07558572397400172  
26,0.07425752893814346,0.07583164519224411  
27,0.07421903378899446,0.0756456488982225  
28,0.07400154876891914,0.07517209897438686  
29,0.07385870473235465,0.07549261836669384  
30,0.07364176669160423,0.07567065266462472  
31,0.07370337845800477,0.07558095053984569  
32,0.07350986839636513,0.0754468923386855  
33,0.07336711369054702,0.07528056548191951  
34,0.07329015591946404,0.07692783545607175  
35,0.07311899430306672,0.0754043249747692  
36,0.07298573152259792,0.07543694562254807  
37,0.07287803722921844,0.07536848624929404  
38,0.07267398690171253,0.07514375887620144  
39,0.0727388220446189,0.07521551532241014  
40,0.0722902816008119,0.07487056910609588  
41,0.07241622141331358,0.07518897702296574  
42,0.07225848871576207,0.07483720349577758  
43,0.07215812552691725,0.0754534804668182  
44,0.07212233638671962,0.07532725550043277  
45,0.07195649124548563,0.07520025853927319  
46,0.07181512907414181,0.07515386396493667  
47,0.07186014336698196,0.07490291150334553  
48,0.07151339176442008,0.0748368658316441  
49,0.07154347250223769,0.075156043164241  
50,0.07140411859583062,0.07503498679934403  
51,0.07147131446758499,0.07554054088317431  
52,0.07140811557507576,0.07559563152683087  
53,0.07119893993410613,0.07510916286936173  
54,0.0712522213987987,0.07503165333316876  
55,0.07099678714180846,0.07494628104643944  
56,0.07094761273821297,0.0754604455179129  
57,0.07091368742458656,0.075448327148572  
58,0.07085646808985858,0.07551433594945149  
59,0.0706364848577153,0.0757089944030994  
60,0.07070469709537218,0.07508345903494419  
61,0.07054765749236812,0.07569056921280347  
62,0.07043032921717295,0.07486314870990239  
63,0.07048012539172721,0.0754962275043512  
64,0.07036293206541129,0.07505248859524727  
65,0.07012355117999075,0.07534378728805444  
66,0.07023565154856123,0.07546680592573606  
67,0.07007720527212943,0.07569999859119073  
68,0.07001970090981945,0.07543884542508003  
69,0.06993426454951392,0.07591888041068347  
70,0.06996589847614089,0.07517455527797723  
71,0.06984303986934749,0.07578684313175006  
72,0.06982755022661766,0.07615905608504246  
73,0.069698251212192,0.0750933085114528  
74,0.0694679998032882,0.07568721645153485  
75,0.06955338360937051,0.0759998547534148  
76,0.06958915140775158,0.07552352022284116  
77,0.06930049731755805,0.07539601709980231  
78,0.06924302630183642,0.07529499620581284  
79,0.0693462211686327,0.07544454110738559  
80,0.06915991177872928,0.07562669920615661  
81,0.06921412435638935,0.07559320340171838  
82,0.06888727977147797,0.07560957328249247  
83,0.06901899852868541,0.07557965834171344  
84,0.06891032533191355,0.0757061011898212  
85,0.06891341303544277,0.07554204876606281  
86,0.0688004416158742,0.0755100379196497  
87,0.06873896456969059,0.07585740996859013  
88,0.06862491517877944,0.07584428223661888  
89,0.068574824696764,0.07587914378979267  
90,0.06856603524111726,0.0755903103794807  
91,0.06852216523169252,0.07569014596251342  
92,0.06837924632727338,0.07590297781504117  
93,0.0684247589896402,0.0769645899343185  
94,0.06832075488689306,0.07567995261305417  
95,0.06833042522601764,0.07588028411070506  
96,0.068284542206913,0.07570951250501168  
97,0.06807317165538783,0.07573167578532146  
