1,0.04110462536765539,0.015992215788680052  
2,0.01693515705162526,0.016067889046492836  
3,0.01309706429003317,0.009546563795451166  
4,0.011936806386131892,0.011637575736296882  
5,0.010872688523150759,0.012811802800175884  
6,0.01034629880328765,0.009633499417876081  
7,0.009915325068990597,0.010023995761397144  
8,0.009770809332263148,0.008192514530451868  
9,0.00944924682304003,0.011418951294508766  
10,0.008884892744511158,0.007043705750807312  
11,0.008684328405339316,0.0059497301797084325  
12,0.008641086935665438,0.009031285953896092  
13,0.00873228621199389,0.011410611502716106  
14,0.008065090567543192,0.006369668868797019  
15,0.008221355748783804,0.008773238879853281  
16,0.0073845734710871755,0.006528685085035017  
