1,4.126015310104076,0.41200181994682705  
2,2.295577727831327,0.3723106441589502  
3,2.139593405601306,0.3463311073107597  
4,2.030444562053069,0.3369899617555814  
5,1.9849836589434209,0.32322696997569156  
6,1.9524085563726914,0.320098265623435  
7,1.9219730355036564,0.32049975945399356  
8,1.902077119701948,0.31339631057702577  
9,1.890556187965931,0.3115380971859663  
10,1.875906840348855,0.3111171191319441  
11,1.8640498461631627,0.30681273379387  
12,1.8492843699760926,0.3096069456675114  
13,1.8379789472390444,0.3105849810899832  
14,1.8165949988059509,0.2996860112135227  
15,1.7950345499393268,0.295693943133721  
16,1.7867773935580864,0.29698168429044575  
17,1.7791413580759978,0.2960514701329745  
18,1.7733094631097255,0.2943057628014149  
19,1.765477411639996,0.29422350457081425  
20,1.7622833905311732,0.2930230758129022  
21,1.7540873338778813,0.2948332123267345  
22,1.7522058830811427,0.29565741542058116  
23,1.7446737679151387,0.29037134425762373  
24,1.7420096045885332,0.2897272996413402  
25,1.7390307539548628,0.28802744318277407  
26,1.7348681080799837,0.28955117364724475  
27,1.732543069200638,0.2901447721016713  
28,1.7283995900398645,0.28846982427132434  
29,1.7279154398502448,0.2876563882216429  
30,1.7235501821224506,0.29005256448036587  
31,1.7236881535022686,0.2882001808820627  
32,1.7195902023559961,0.2868588585884143  
33,1.7170857611374977,0.2847071584218588  
34,1.716694372586715,0.28731665244469273  
35,1.7132703123184352,0.2856808106104533  
36,1.7080759406089783,0.28368202768839323  
37,1.7081613674377785,0.2857313442688722  
38,1.7090956656596599,0.28472858361708814  
