1,0.1257178911400589,0.08730147048610772  
2,0.06633558980990785,0.06717308990547223  
3,0.05486343969762948,0.05977985721650382  
4,0.05009010086283867,0.058286952928369266  
5,0.04711865271581175,0.05725332841350527  
6,0.045250687449651314,0.053710549500922265  
7,0.043409671958938294,0.051870651139414366  
8,0.04065731233991812,0.050754932475647906  
9,0.039245883904994575,0.04817964527480708  
10,0.03778201821892934,0.04968948366826978  
11,0.036774799785859076,0.0464335737080116  
12,0.03581848782114035,0.04578437371720821  
13,0.034758302808223285,0.04607175866811734  
14,0.03389631250697977,0.04900236376400652  
15,0.033123249551508485,0.04495898366268045  
16,0.033121540000214396,0.042800224454972544  
17,0.032264425312185124,0.04559483988384895  
18,0.03195496999012884,0.04370621648695081  
19,0.031230108533379094,0.04238968448979514  
20,0.03089454751916048,0.042454530140889686  
21,0.030629782473428326,0.042330763463316295  
22,0.0304406712461224,0.040489735696556534  
23,0.030047370237703937,0.0425476152725114  
24,0.0301010530143457,0.04938731524230811  
25,0.029678275257037492,0.04679896493483647  
26,0.029672833529498933,0.04591302065353088  
27,0.029139751594396832,0.04127463763533848  
28,0.028485472401675448,0.03977389623562397  
29,0.028864023441169735,0.04110918654670269  
30,0.028200567235930042,0.0414156845123897  
31,0.02828627929273175,0.03714584527087623  
32,0.028093532130174105,0.0431127347822847  
33,0.028212436257442946,0.04041250011530416  
34,0.027868039237549495,0.03987639764406411  
35,0.02737695763361371,0.036681925153056974  
36,0.02757477053548193,0.038716384746464605  
37,0.02728329663804184,0.03760571226367516  
38,0.02722646543944339,0.03909165269965902  
39,0.027125712380280477,0.03538239257309237  
40,0.026830465282972265,0.037356277588259414  
41,0.026333822638367525,0.037108383467191544  
42,0.026404923003309697,0.040202853953456644  
43,0.026264373855567975,0.03776114270678295  
44,0.026358794485858095,0.03911833275164583  
45,0.025680978999891763,0.034235087163709654  
46,0.025769724059551434,0.03905664548608176  
47,0.025545712716176536,0.03641326138245061  
48,0.025263847276983775,0.03948253982246216  
49,0.025415578947924986,0.03815887547258673  
50,0.025491389377814967,0.03789360901992309  
51,0.02512421975567781,0.03702950180310921  
52,0.024553692766598294,0.03648505102971505  
53,0.02428525080742113,0.03481961233458789  
54,0.02349356683263172,0.035362810079980954  
55,0.02327434771827289,0.03137985108594589  
56,0.022565843861952477,0.03771990383493489  
57,0.021759770135638606,0.03283304660558113  
58,0.0215965238325168,0.035145551158950246  
59,0.020996378903449204,0.03252248060453702  
60,0.021029481313837115,0.03359666291459147  
61,0.020680543859505487,0.03171494688490048  
62,0.02056086804549038,0.031304812141386744  
63,0.019824931118961827,0.03232064900984024  
64,0.02025192456793702,0.033488301743794545  
65,0.020149372595943224,0.02967061557499646  
66,0.020071742634324662,0.030590623341904485  
67,0.020207465220671083,0.030315398068850852  
68,0.019857950184091873,0.03543668866084127  
69,0.019197175311709946,0.031020654328717975  
70,0.019306248514702095,0.03218092063781369  
71,0.019409554760630537,0.028019651706362593  
72,0.019106662815975395,0.031302674531276005  
73,0.019006860176367418,0.04202038987443365  
74,0.019616475270392588,0.03213125885707404  
75,0.018601841134269062,0.031774157162737376  
76,0.018907565419085143,0.030024173848441083  
77,0.01902314460469663,0.02879842455163965  
78,0.017638036968244907,0.03143150848451213  
79,0.017869258546091955,0.030299636631690222  
80,0.01762831793896828,0.032782661164262025  
81,0.018315126188099384,0.03206175795109401  
82,0.01781493015846932,0.030248042544707875  
83,0.01810779367680645,0.03055529337688326  
84,0.017675990777460123,0.029883872882779595  
85,0.01765062556787027,0.03048105665432115  
86,0.017633831186888525,0.02827888480364689  
87,0.017806264046151255,0.026677951914042673  
88,0.017698598123489773,0.0283167753460372  
89,0.0173814383267266,0.030834380133545457  
90,0.01745025044832807,0.03198179739339305  
91,0.01712762200004236,0.030059673011376353  
92,0.017226131675109422,0.02987924373245298  
93,0.01765815153367532,0.02852627437726911  
94,0.01710286943845529,0.02669454753178681  
95,0.0171054999606898,0.02752564430897459  
96,0.016998340735919385,0.027451940495612587  
