1,0.06518751938695683,0.0580262653529644  
2,0.04138156586370543,0.05302621033317937  
3,0.03689609786875897,0.04159555442888161  
4,0.033877044210753306,0.040860151936267984  
5,0.030420570340118067,0.039654322133716106  
6,0.030024923910801322,0.03357475660190794  
7,0.02855166309817091,0.03500166852852981  
8,0.027840091315395544,0.03090391998991297  
9,0.02737352174640118,0.03189205204875305  
10,0.026658827962311567,0.033928718995945205  
11,0.02628335097957448,0.03778517432510853  
12,0.026251399558018015,0.04103828954689315  
13,0.025462589098260872,0.034040662547197245  
14,0.025359912208211568,0.03974474105855514  
15,0.02516003306077413,0.03794559422568441  
16,0.025037011804537,0.03151400690999231  
17,0.024614176480505894,0.03775568983604755  
18,0.024621726753251923,0.0369565377443148  
19,0.024655379078645148,0.034571340702143794  
20,0.024343808296983363,0.035855840001567246  
21,0.02405666661356132,0.035524348145708665  
22,0.02394126396281661,0.03283533677825787  
23,0.023662831800068236,0.03764717178098086  
24,0.023807798913740155,0.03693429087036349  
25,0.02343344302883739,0.04167520292470314  
26,0.023597005302863388,0.040366138070087716  
27,0.023128612041733443,0.0317672277190562  
28,0.022836179532643806,0.031674919081071916  
29,0.023240094247028675,0.033343931219627705  
30,0.022388286839839053,0.03255005463443954  
31,0.022544915818757203,0.02932363689826627  
32,0.0220229217317768,0.03188709950469104  
33,0.022092643471834546,0.02911064695805458  
34,0.021955137311710112,0.030943006699161578  
35,0.02147663506251771,0.031343712154867615  
36,0.021509910025105633,0.029902186446589204  
37,0.021663534151061876,0.030727944323068183  
38,0.021039142050694213,0.027969781107503203  
39,0.021353920304052285,0.030041078279905133  
40,0.020986946237909025,0.02839914846963483  
41,0.020703950165454007,0.027870216227957767  
42,0.020729415099190168,0.03145069661986064  
43,0.02070671106716309,0.02951775572900408  
44,0.02057141766446215,0.03367770415515148  
45,0.020675737781362384,0.025504766371596623  
46,0.02044361949383068,0.026325003624769854  
47,0.020322458077397645,0.025674265538677205  
48,0.020424731706397487,0.030438846573600627  
49,0.020234363989004082,0.02867590969088923  
50,0.020091215655675735,0.02836522641660545  
51,0.019990630116294192,0.03020184517383869  
52,0.02011982330086968,0.02718660784105362  
53,0.019922707697951982,0.025728574068528676  
54,0.019808876459823228,0.027964579620458223  
55,0.019589980511583168,0.026632722714925047  
56,0.01993639550999093,0.029021293824088985  
57,0.019606327550261433,0.025191709500154837  
58,0.019333885109822476,0.02780988722525794  
59,0.019487603533408403,0.026035996750364162  
60,0.01954269643554409,0.024912005565656817  
61,0.01939171896906111,0.023409819157032545  
62,0.017160817816606472,0.02011267955098393  
63,0.0144895682514468,0.02641597534231658  
64,0.013783853353175089,0.01962972242898982  
65,0.013081710782376675,0.01654218180848313  
66,0.01342491554600198,0.01769326268488844  
67,0.012460456473548064,0.019122022860155904  
68,0.01258900787609826,0.02365083115753429  
69,0.012149536096365769,0.019525006739193287  
70,0.011896307191715607,0.019019190708331288  
71,0.011829416176554525,0.01683546737607183  
72,0.012109921955833469,0.01646170785806596  
73,0.011608598511633553,0.028321904474364713  
74,0.01211784215705765,0.0183473665111244  
75,0.011558674939015773,0.016705754346081188  
76,0.011239821430178681,0.016861075264736642  
77,0.010768330759201427,0.013958152236756434  
78,0.010447206368985185,0.016095058290572294  
79,0.011133764269087224,0.017912079621418355  
80,0.010689119577576872,0.02164585683770074  
81,0.01102664704592232,0.018732744140614724  
82,0.01042365017842768,0.01726845018290387  
83,0.010478005683566419,0.01841159018554858  
84,0.010557247472871713,0.01721856040705748  
85,0.010854224362337465,0.017733789264715364  
86,0.010818693679586756,0.016770919335299526  
87,0.010185313576842166,0.013452479051508634  
88,0.010237668763625113,0.016880570002487435  
89,0.010142263773516678,0.021475500298728203  
90,0.010044100663476798,0.017678908044885238  
91,0.010197051846297104,0.020122371843369135  
92,0.010166410479473559,0.01311924453971568  
93,0.00998223814495675,0.015090605166047958  
94,0.009763969078393454,0.01669923731313991  
95,0.010017313164728734,0.014359954363790344  
96,0.009717814109075237,0.019025680728330108  
97,0.009562955253365828,0.019173776272115448  
