1,0.1063404473594762,0.06047288700938225  
2,0.05549671271422563,0.05458408366576791  
3,0.04700503471010018,0.05327349038693705  
4,0.04228139551028115,0.047039943779337  
5,0.04054674448975302,0.041987759909899953  
6,0.038878976603089,0.049239113981941064  
7,0.03874664349289673,0.042628689040544586  
8,0.03520013900704513,0.04390764157540105  
9,0.035469772687497146,0.04302527001265235  
10,0.03558565999655927,0.03757918092968135  
11,0.037024359090373986,0.04389699432870437  
12,0.03221308622658773,0.03640413295312468  
13,0.031175397720064377,0.036113084573757476  
14,0.02983648455774909,0.0417102659901081  
15,0.03005177282239026,0.0347441134176084  
16,0.030310770275679143,0.03464311032826677  
17,0.029599009868388194,0.03761059398134354  
18,0.02924033318098511,0.03863863758926321  
19,0.028866214056809742,0.038201184145041873  
20,0.02942673634757234,0.04096199702379739  
21,0.029783530183539547,0.040195156182414794  
22,0.028109742614585275,0.03526675969986199  
23,0.02703940536157207,0.03297268891055596  
24,0.025927480674278882,0.03356741576138975  
25,0.027389354600748258,0.03631735104939033  
26,0.026761164791218896,0.03224551852957662  
27,0.025924125104414438,0.03498086466320923  
28,0.02520207482118673,0.03300200751409155  
29,0.025544197270955506,0.03360879303786555  
30,0.026139140132340043,0.03552928477929437  
31,0.026333634791990017,0.036096348743794  
32,0.026082355506315075,0.03229174685889277  
33,0.02544201364704972,0.034486652411557184  
34,0.024835719761111975,0.03312497985150133  
35,0.02614589929125592,0.03942741247196797  
36,0.025599658131651437,0.035316381392440775  
37,0.02456715290498047,0.03337121600734776  
38,0.025329961543853995,0.0360190413176573  
39,0.025581362610113973,0.035037037508167654  
40,0.02501668282061243,0.034102146766088866  
41,0.024629188418700432,0.036309162998948194  
42,0.024095229986554455,0.035921972593650445  
43,0.024936560109049655,0.04287542676176931  
44,0.025860466202802267,0.03546633488806011  
45,0.023804725269684617,0.03254254648617923  
46,0.023637902940807125,0.032362286496925824  
47,0.024173613400385433,0.03431129385831908  
48,0.02355443341348704,0.03484714333096455  
49,0.02381628082437769,0.03281132429104133  
50,0.023231138262319106,0.035192441571448824  
51,0.024025498832499586,0.031886206224120306  
52,0.02345088549790478,0.03440158262738747  
53,0.02308968138307281,0.041754073064242093  
54,0.024486074513425795,0.03196757242744192  
55,0.023408386885573725,0.033073627137638666  
56,0.023574117951446177,0.0345422791436388  
57,0.023818802962934576,0.03514893449329097  
58,0.02821647608246375,0.03226917191165422  
59,0.02323714467529435,0.03143472174925757  
60,0.022767625999414277,0.030967482608821005  
61,0.022549235088064824,0.029287350735640878  
62,0.022781437347410654,0.030766735376395616  
63,0.022182683471791823,0.03428981574298126  
64,0.02158307385538261,0.032782696233374146  
65,0.02209415031600269,0.030229610000998514  
66,0.023124493548019185,0.03437503369460846  
67,0.022743361314553866,0.033476769116711734  
68,0.022469083026025516,0.03183603124335188  
69,0.02279385093788098,0.032198195698960076  
70,0.022891833168985957,0.0349581953633595  
71,0.023531095054891305,0.03317720249405342  
72,0.02251026038255991,0.02980408669802649  
73,0.02160447711745898,0.03440482853888878  
74,0.022504624054095923,0.03662481541593968  
