1,0.0483194362716733,0.016239111169512047  
2,0.021597360980812375,0.016517823910698514  
3,0.017838826765473704,0.01787145183481313  
4,0.016066439347390417,0.010463792243467763  
5,0.01504731793476701,0.014684441609519162  
6,0.013407413602317399,0.007980953775841761  
7,0.011999202320875558,0.013982370339811142  
8,0.012592344441618542,0.009554374894228182  
9,0.01027782348408827,0.020826914233013326  
10,0.010113882936251204,0.007774020742459837  
11,0.010028839117829504,0.00922359483490877  
