1,0.2079572670752435,0.16994038950174284  
2,0.15430200580135942,0.14332275684827414  
3,0.13923356005602786,0.1370955587197573  
4,0.13539759910015195,0.1345848030386827  
5,0.13353541297147342,0.13321189028330338  
6,0.1323969182760819,0.13245194577253783  
7,0.13172374256050495,0.13180775138048026  
8,0.13130441870149748,0.13153691322375566  
9,0.131003181590601,0.1311943708704068  
10,0.1307774602109209,0.13116321158714783  
11,0.13061363762601866,0.13084863279110345  
12,0.1304810293533308,0.1307668319115272  
13,0.13037970239091712,0.1305926413490222  
14,0.13029081629746406,0.13052644217625642  
15,0.13022612286803056,0.13049753707570907  
16,0.1301590887177021,0.130369825145373  
17,0.13007920646987609,0.13028906581875604  
18,0.13005316291776153,0.13059844659307066  
19,0.12997118004447664,0.13021995939123324  
20,0.12995276110403983,0.1302905740837256  
21,0.1298788336994093,0.1300845476679313  
22,0.1298374256971852,0.13023172080134734  
23,0.12980337997379204,0.13012666427172148  
24,0.12977463948299817,0.1300384778624926  
25,0.1297484111907842,0.12997678896555534  
26,0.12967886472754467,0.12994428981955236  
27,0.12968826465442052,0.12998855486512184  
28,0.12963566732833454,0.1299552648113324  
29,0.12960047513017875,0.1300202971085524  
30,0.12957855024377404,0.12987269231906304  
31,0.1295787435015449,0.13000300211402085  
32,0.1295449624738425,0.1299218651958001  
33,0.1295284480047043,0.12995618725052246  
34,0.1295113090397147,0.12973187663234198  
35,0.12948180192038225,0.12985451471729156  
36,0.1294590497527586,0.1297114144724149  
37,0.12943069867389587,0.12973926483820647  
38,0.12944403031597967,0.13031262713365066  
39,0.12938953419704266,0.12964853883171693  
40,0.12938468489805452,0.1297969359617967  
41,0.1293743228744668,0.12965762624755883  
42,0.1293380426628815,0.12959206916200808  
43,0.12933763956932157,0.12965372166572472  
44,0.12934169872566256,0.12957496148271438  
45,0.12931566199530725,0.12950345998009047  
46,0.12929595338032984,0.12964403973175928  
47,0.1292868974568594,0.12952398508787155  
48,0.1292924910898099,0.12967052358465317  
49,0.1292479766528015,0.12963536295753258  
50,0.1292303911103007,0.12948965424528489  
51,0.12922299079730382,0.1295671995060566  
52,0.12924125516201224,0.1294866009400441  
53,0.12921505899685423,0.1294769957088507  
54,0.12918365752453084,0.12954066722438887  
55,0.1291463188160106,0.1294328250373021  
56,0.12917699051253936,0.12946178601720396  
57,0.12915664644497435,0.1293861579436522  
58,0.1291549876141731,0.12943991703482774  
59,0.12912570648943372,0.1296198450219937  
60,0.12912576872369516,0.12952212024575624  
61,0.12912263202926386,0.12938357526675248  
62,0.12907312513159974,0.12931752529663917  
63,0.1291092270246857,0.12938588284529173  
64,0.12906578667176044,0.1293182938526838  
65,0.12905559063796193,0.1294923060788558  
66,0.12905180465687266,0.12927581026003912  
67,0.1290458376564638,0.12928755600482988  
68,0.12904392070401355,0.12926124848234347  
69,0.1290390533978677,0.12928680149026406  
70,0.12898816065410215,0.12933059504781014  
71,0.12900788224566623,0.12924823795373624  
72,0.12898899915883,0.12932593662005204  
73,0.12898252435657373,0.1295525199518754  
74,0.12897578377248076,0.1291791350604632  
75,0.12897807893240848,0.1292724274098873  
76,0.128972874501782,0.12916726609453177  
77,0.12895460367736306,0.129251184180761  
78,0.1289426248396754,0.12922312997472593  
79,0.12893562215139798,0.12918537902908447  
80,0.12892483481589487,0.1291762731778316  
81,0.12891026681570142,0.12930031034808892  
82,0.12893662681741178,0.1291959716532475  
83,0.1289077039874728,0.12917054788424417  
84,0.12885198160967865,0.12917593665994132  
85,0.1288976034773585,0.1290954718222985  
86,0.12887581767481002,0.12907933338712424  
87,0.12885327555258255,0.1291639894629136  
88,0.12887326166834062,0.12916125185214555  
89,0.12882717788371895,0.12924929584066072  
90,0.12882075954200056,0.12907143051807696  
91,0.12883029447492125,0.1292151195498613  
92,0.1288172137897338,0.1291409887564488  
93,0.1287989625349984,0.1290531673301489  
94,0.12879359405821242,0.12904700226126573  
95,0.12878907915881221,0.12908190584335572  
96,0.12880955663178584,0.12899375315278006  
97,0.12881409483568748,0.1291274672899491  
98,0.12876640145888413,0.1290037673062239  
99,0.1287991293441609,0.12910645053936884  
100,0.1287459135055542,0.1290544795875366  
101,0.1287558016074283,0.12908011856369483  
102,0.12875645218983942,0.12897166733940443  
103,0.1287575424517817,0.12901978796491256  
104,0.12873575449599634,0.1290587801963855  
105,0.12871989165730488,0.12899141204662812  
106,0.12874239218204528,0.12907812868555388  
107,0.12871233783567043,0.1289734777349692  
108,0.12870205435758966,0.1289956282155636  
109,0.12871276705390047,0.1289296988875438  
110,0.12867801764127237,0.12922255436961466  
111,0.12868798924300373,0.1289643217355777  
112,0.12870836835306929,0.1289567951208506  
113,0.12870076094823116,0.12897004693364486  
114,0.12870196565566466,0.12892825624499565  
115,0.12868019894641988,0.12898720256411111  
116,0.12867492738434727,0.12890147790312767  
117,0.12867841195038823,0.12897231926520666  
118,0.12867605091665713,0.12888010648580697  
119,0.12864922924572245,0.1289999464001411  
120,0.12866279166525282,0.1290321159057128  
121,0.12863671581458558,0.12897304703409856  
122,0.12864328272964642,0.12887139675708917  
123,0.12864381797097224,0.1288487576903441  
124,0.12864801329572487,0.12891132709307548  
125,0.12862977534151443,0.12896327378276068  
126,0.1286420300412361,0.12886401046162996  
127,0.12862861099298042,0.12887520620074028  
128,0.1286186024622844,0.12908396573785025  
129,0.12861763426791067,0.12881865084935457  
130,0.1286073212923906,0.12883136908595377  
131,0.1286064480309901,0.12906238083273935  
132,0.12859373244330707,0.12885913816400063  
133,0.12857545595949568,0.12880028344881841  
134,0.12858242764497352,0.12881461731516397  
135,0.12859016018526634,0.12911740384804896  
136,0.12859654403708476,0.12886854738761216  
137,0.1285709064749196,0.12875136685294983  
138,0.1285594057510881,0.12889144741571867  
139,0.12855380281920323,0.12894678459717676  
140,0.128556916399685,0.12884755050524688  
141,0.12857294383713658,0.1289773873793773  
142,0.12854842035590536,0.1288796240129532  
143,0.1285704321721021,0.12877656041811675  
144,0.12854018832182945,0.12879057018420634  
145,0.12853174919591231,0.12878849366918588  
146,0.12855291825807308,0.12879904158986533  
147,0.12851559180204217,0.12872805102513388  
148,0.128528539863084,0.12876946068344972  
149,0.12853111059921782,0.128854151815176  
150,0.1285396812440794,0.1287376191944648  
151,0.12851107756957372,0.12872550273552918  
152,0.1285335761697396,0.12871286712395838  
153,0.12851933620469955,0.12878171153939688  
154,0.12848317404003703,0.12872997088692126  
155,0.1285036696726099,0.12882630813580292  
156,0.12849809075026866,0.12873526089466536  
157,0.1284923177888936,0.12872657982202676  
158,0.12849509923735544,0.12871751609521034  
159,0.1284832571969008,0.12871843261214402  
160,0.12849623269742103,0.12882159994198725  
161,0.1284775238512727,0.12869513999575224  
162,0.12846685643010128,0.12870931701782423  
163,0.12848251438735392,0.1286940609033291  
164,0.1284842993635351,0.12881191179920465  
165,0.12847148135418782,0.12875635501665947  
166,0.1284715529826596,0.12882207601498336  
167,0.12845617542257698,0.12871103351696944  
168,0.12847161916134608,0.12874908038438895  
169,0.12845122377814538,0.12872762366747245  
170,0.12844983112933994,0.1287481627212121  
171,0.128449182928828,0.12862264833007103  
172,0.12846169845603617,0.12866996467495576  
173,0.12845475095159867,0.1286624469436132  
174,0.12842815373178637,0.12879142738305605  
175,0.12845200873777995,0.12865912369810617  
176,0.12841858632881623,0.12867919135934267  
177,0.12843200240446173,0.12866622381485426  
178,0.12842198571814295,0.12871559823934847  
179,0.12844336878918017,0.12873351268279246  
180,0.12842647803713902,0.12901876713985053  
181,0.12844377586527553,0.12865494621487764  
182,0.12845963676033728,0.12869429101164526  
183,0.12839260537301184,0.12869824077456427  
184,0.1284178874796004,0.12870926409959793  
185,0.1283980952123242,0.12866983686884245  
186,0.12840605370909966,0.12865437156496903  
187,0.12838675516188297,0.1288063487945459  
188,0.12840027205855645,0.12877883513768515  
189,0.12840254046499272,0.1286238001134151  
190,0.12837561326639732,0.1286290491429659  
191,0.12840678815341666,0.1287746555530108  
192,0.1283868189586703,0.12859469480239427  
193,0.12838464258881785,0.12858431289593378  
194,0.1283608399083852,0.12861098645207208  
195,0.128382014687104,0.12861940236045763  
196,0.12834388339687186,0.12865380780437055  
197,0.12836636852501604,0.12866301958759627  
198,0.12835317440426258,0.1285565628264195  
199,0.12835423697900894,0.12856613357479757  
200,0.1283650110520975,0.1285456131475094  
201,0.12834635321670176,0.12853926859605005  
202,0.12833321788121976,0.12869313531197035  
203,0.12836555019973794,0.1286270915506742  
204,0.12832561137197573,0.12888524165520301  
205,0.12831356711780934,0.12861193343997002  
206,0.12830103651794325,0.1289662060638269  
207,0.12832303808244597,0.12857515718310308  
208,0.12831739010408405,0.12855298387316558  
209,0.12830996930675434,0.12874807914098105  
210,0.1283039424539832,0.12857186736968848  
211,0.12829703264071812,0.1285700948956685  
212,0.12832486820038017,0.12853644950649676  
213,0.1283018349114891,0.12875148911888784  
214,0.12827698897827616,0.12860306438345176  
215,0.1282965335661493,0.12854293905771697  
216,0.12829937513374612,0.12851578856890017  
217,0.12827264711908673,0.1285381383047654  
218,0.12830910202868454,0.12861882522702217  
219,0.12829367867897234,0.1285211935830422  
220,0.12826526391765344,0.1286114023473018  
221,0.12826414280535314,0.12858931185343328  
222,0.1282783272245046,0.12856299028946802  
223,0.12827014835441813,0.12853295757220343  
224,0.1282623738164792,0.1285504961434083  
225,0.1282871323625755,0.12851023291930175  
226,0.12827748296510838,0.1285075082992896  
227,0.12825466484746054,0.12849014080487764  
228,0.12823780654641367,0.1284660636805571  
229,0.12824949191506865,0.12860914329305673  
230,0.128249200713604,0.12864642714460692  
231,0.12826798667611977,0.12859657406806946  
232,0.12826324665866545,0.12870011230309805  
233,0.12822289412360058,0.12869430935153595  
234,0.1282485492355988,0.12853634405212525  
235,0.1282434073250617,0.12860166568022507  
236,0.12825375686749776,0.12876816227650031  
237,0.12823840508909176,0.12863552742279494  
238,0.12826076487217414,0.12853920784516212  
239,0.12822933788494686,0.12850425363733217  
240,0.1282279661777989,0.12846253344263786  
241,0.12822575223110522,0.1285100339505917  
242,0.12822981199721242,0.1284728782872359  
243,0.1282158180347184,0.12849311138956976  
244,0.12824061827357772,0.1284563646484644  
245,0.1282342341359314,0.12849463331393707  
246,0.12823603391799782,0.1285198175181181  
247,0.12821628037087449,0.12854531884957582  
248,0.12821685814339182,0.1285835949656291  
249,0.12825565449798199,0.12842491345527846  
250,0.12819104529250308,0.1284513702759376  
251,0.12821328003540675,0.1284602161210317  
252,0.1281928329935769,0.12850830063988  
253,0.12819946401030816,0.12867649090595734  
254,0.12821627311084582,0.12839914600436503  
255,0.12819201659287333,0.12855975062419206  
256,0.1282183230685456,0.1285148133070041  
257,0.128173955756685,0.1284383492401013  
258,0.12820268828240808,0.1284775191392654  
259,0.12820245417030265,0.12848073406479296  
260,0.12816747704811413,0.12841830240228239  
261,0.12819526306427348,0.12856362922451434  
262,0.12817589109739685,0.12844368041707918  
263,0.12817545084620985,0.12841834204319197  
264,0.12815790030809923,0.12849818704984126  
265,0.128181095299361,0.12858353536098432  
266,0.12818181181274108,0.1284123489107841  
267,0.12818003205768289,0.1284529752074144  
268,0.12815884373072164,0.1284098326204679  
269,0.1281734989274798,0.12856149558837598  
270,0.12814674516925423,0.12836227757044327  
271,0.12817622473477708,0.12840248529727644  
272,0.12814286303565936,0.12831580237700388  
273,0.12814131468686912,0.12847010456980804  
274,0.12815300986894865,0.12841355657348266  
275,0.12814712093766692,0.12834557451498815  
276,0.12816087251810163,0.12839221199735618  
277,0.12813140187040925,0.12835395460327467  
278,0.12812772364643835,0.12839314609001845  
279,0.12812650436178194,0.12833327360642263  
280,0.12812608960644364,0.12849571393468442  
281,0.12814718896470717,0.1284736445507942  
282,0.12812616315948994,0.128337867749043  
283,0.12814216005146656,0.12848996848632127  
284,0.12811401471152634,0.128434485827501  
285,0.12815843013775013,0.12857147325307894  
286,0.1281008160365817,0.12843074859716955  
287,0.1281373081990825,0.12844917044425622  
288,0.12810777707020646,0.12848924109951043  
289,0.128122762074251,0.12843890440387604  
290,0.12808747555288819,0.12854736269666597  
291,0.12810294303442815,0.1284983565027897  
292,0.12811006849531628,0.12845644249747962  
293,0.12809127178567145,0.12847398851926511  
294,0.1280801469826942,0.12841545121792036  
295,0.12806870111876437,0.12833835031741705  
296,0.12808952716838978,0.128328847579467  
297,0.1281068134871895,0.12862346092095742  
298,0.1280908446254023,0.12839939636297715  
299,0.12807090170776753,0.12849953885261828  
300,0.1280838533321305,0.12828937106025526  
301,0.12806465596799047,0.12831989685312295  
302,0.12806545596217256,0.12853975775532234  
303,0.12803895506636262,0.12828658043574065  
304,0.12805366588523015,0.12827279227666366  
305,0.1280447762945424,0.12831405129952309  
306,0.12805981880716047,0.12839521725590414  
307,0.12806916135884916,0.12846573060139632  
308,0.12803291647559237,0.12830212740943983  
309,0.12802861011622813,0.12828804208682135  
310,0.12804516707844746,0.12837850226041597  
311,0.12803869481053193,0.12828442788658997  
312,0.12802741453623223,0.128300832823301  
313,0.12801685736840948,0.1282836631513559  
314,0.12800606595509498,0.12838640044897032  
315,0.12805554232633937,0.12832353799006876  
316,0.12803631483593866,0.12825425666494247  
317,0.12800415755842653,0.12829774579940698  
318,0.1280304863477302,0.12842269155841607  
319,0.12800944585095891,0.12838454009630743  
320,0.12801630846451006,0.12846040229002634  
321,0.12800665716152362,0.12820721226624954  
322,0.12801930496988395,0.12820749214062324  
323,0.12797459504564704,0.1283868276155912  
324,0.12799817870568742,0.12836315616583213  
325,0.12799997254253348,0.12822924955533102  
326,0.12799676635381205,0.12826099132116026  
327,0.1279924505811823,0.1282715676113581  
328,0.12800377456809553,0.12835992032136673  
329,0.12798989604196281,0.12826324750979742  
330,0.1280083813706932,0.12850530311847344  
331,0.12799352296935324,0.12841471485220468  
332,0.12798556472029526,0.12821596068067428  
333,0.1279870266537837,0.12845023578176132  
334,0.12799899125724193,0.1281907139107203  
335,0.127980272102234,0.12823864578818664  
336,0.1279580357968045,0.12821800825305474  
337,0.12797262071800963,0.12826659100560042  
338,0.12796472900968683,0.12821883345261598  
339,0.12796472258808667,0.1282356909643381  
340,0.12795638599816492,0.12824910840927026  
341,0.12796884397868916,0.12829828090392625  
342,0.12798717770430132,0.12838551411644006  
343,0.12794744427246815,0.1282778466359163  
344,0.12795841320396384,0.12830475927927557  
345,0.12794258815172077,0.1282187765225386  
346,0.1279376502079732,0.1282352933134788  
347,0.12793864145913086,0.12823399089467832  
348,0.1279397462411305,0.12817101639050704  
349,0.1279350562054483,0.12836110591888428  
350,0.12791529602711768,0.1282850888868173  
351,0.12792814839297853,0.12838091070835406  
352,0.12792935073756806,0.12821471863068068  
353,0.12793310081867307,0.12842090141314727  
354,0.12793585658073425,0.12818802224519926  
355,0.12790528684854507,0.12834943334261575  
356,0.1279352668034451,0.12823300283306685  
357,0.12792570492648103,0.12837063759947434  
358,0.12790185403640922,0.12816246952383947  
359,0.12791212886343223,0.12832966122107628  
360,0.1279151840588016,0.12822722060940203  
361,0.12789976772140055,0.12816077298842943  
362,0.1278937874966875,0.12811924727299276  
363,0.1279169008364458,0.12827370745631364  
364,0.1279092092267083,0.1285269194497512  
365,0.12788712803055258,0.12815301416394037  
366,0.12788645349576344,0.12833936560230377  
367,0.1279176884828626,0.1281860057169046  
368,0.12788348915555592,0.12815239567023057  
369,0.1278935960110496,0.12816422547285372  
370,0.12789081982182116,0.128130895873675  
371,0.12787626026307836,0.12833761882323486  
372,0.1279103537578412,0.12823281121941713  
373,0.12788585981215966,0.12821774910657835  
374,0.12789625525855652,0.1281625276956803  
375,0.12788883888203165,0.12828841260992563  
376,0.12788839695398765,0.12828686833381653  
377,0.1278852867081647,0.12828202669819197  
378,0.1278753837051294,0.12815199563136467  
379,0.12789054079662504,0.1281966159167962  
380,0.12784607329255784,0.12813200142521125  
381,0.12787803216739688,0.12823971513754281  
382,0.12786143797132976,0.12821369035503802  
383,0.12787105996742884,0.1281574266270185  
384,0.12789013084319548,0.12818191477503532  
385,0.12785290000612473,0.128131098090074  
386,0.12786209773834403,0.12821393813460302  
387,0.12785793139654048,0.12827618267291632  
388,0.1278610381933734,0.12814764592510003  
389,0.12785802080350764,0.12823569268370286  
390,0.12787156936991245,0.12819865259986657  
391,0.1278478738177768,0.12831586026228392  
392,0.12785675763474097,0.1282510642821972  
393,0.1278487187059944,0.12809081251422563  
394,0.12784354424918704,0.12820302790556198  
395,0.12784072288009515,0.12836024566338614  
396,0.12784276887431473,0.1281326149518673  
397,0.12784070527309652,0.12809882207940787  
398,0.12785237192955162,0.12842787592074809  
399,0.12783805932611456,0.12826033872671616  
400,0.1278429802345193,0.1282681648929914  
401,0.12784369171732832,0.12810117044509986  
402,0.127840951123201,0.1281099677658998  
403,0.12782878838384243,0.128378364806756  
404,0.1278312822703815,0.12819886016540039  
405,0.12780901378073045,0.12818107429223183  
406,0.12783794488062333,0.12820250856188628  
407,0.1278273121208486,0.12860521358939317  
408,0.1278099544975154,0.12814247923401687  
409,0.12780368352866234,0.12810498628860864  
410,0.127795500828482,0.128230640043815  
411,0.12779691211326652,0.12811085753715956  
412,0.12781321152549266,0.12814275643382317  
413,0.12781046414771652,0.1282265100341577  
414,0.12779814534632447,0.1283867210149765  
415,0.1277950603676879,0.12819933155790353  
416,0.12779867864402053,0.1281362920999527  
417,0.12778218709827993,0.12817212872398207  
418,0.1277847351587337,0.12816775179444215  
419,0.12777745740874039,0.12809120854124045  
420,0.127782433596261,0.12818806341443306  
421,0.12777585319012327,0.12812263614092118  
422,0.1278040863745048,0.12821928402170157  
423,0.1277891171862707,0.12812925760562605  
424,0.12778717003133902,0.128093406271476  
425,0.12776161623580376,0.1285000252418029  
426,0.1277780890883997,0.12818080043563476  
427,0.12774678923742241,0.1281250697106887  
428,0.12778465638456443,0.12810588714021903  
429,0.12775272624495695,0.12809612105290094  
430,0.12775667377597535,0.12815059549533403  
431,0.12775820989133146,0.1281707892433191  
432,0.12774213656897435,0.1281267931828132  
433,0.12776009067702476,0.12836453452324256  
434,0.12773961556689514,0.12816103910788512  
435,0.12774635544594595,0.12823930554665053  
436,0.1277643666624108,0.12821851957302827  
437,0.1277664819413134,0.1281490877079658  
438,0.12771515675899012,0.1280646148400429  
439,0.12774533637420601,0.1281781361844295  
440,0.12772542609811743,0.12816591532184526  
441,0.12774440941527065,0.12812970626430634  
442,0.12775048087624943,0.1281322245605481  
443,0.12773077992145973,0.12812766881707388  
444,0.12771975828329926,0.12811329148900816  
445,0.12771917881486972,0.12816195629346064  
446,0.1277086584807357,0.1282017565308473  
447,0.127732205078425,0.12810937831035027  
448,0.1277303077528239,0.128084038121578  
449,0.12772732601522485,0.12828256619664338  
450,0.12770924503769715,0.12808705961857086  
451,0.1277099513374936,0.12814679684547278  
452,0.12772082013394825,0.12811372744349334  
453,0.1277096622511554,0.12818424451427582  
454,0.12770267673160718,0.12821517999355608  
455,0.1277045382525,0.12808222447832426  
456,0.12772047416785795,0.1281120404601097  
457,0.1277002349419667,0.12809511493795958  
458,0.1277229335263867,0.12811418326619345  
459,0.12769103707636104,0.12813379844793907  
460,0.12771351172414888,0.1281281549196977  
461,0.12770303996170268,0.12806807964658126  
462,0.1276964622995128,0.12820203363513336  
463,0.1277124683570374,0.12809821820029846  
464,0.1276856676658706,0.128151136999711  
465,0.12769176685215566,0.1280590016872455  
466,0.127673764820294,0.1280777137248944  
467,0.1277051949516282,0.1281498372554779  
468,0.1276781563563725,0.1281365528702736  
469,0.12771959909621408,0.1281050342397812  
470,0.12768270723197772,0.12809875148993272  
471,0.12768032369406326,0.12809055499159372  
472,0.1276828801197469,0.12808779617532706  
473,0.12769642523716174,0.12808246633563286  
474,0.1276623238916592,0.1280933403624938  
475,0.12765755828308023,0.12827554020362023  
476,0.1276690078056072,0.12813277150958013  
477,0.12766221217106066,0.12806753040506288  
478,0.12768708779226484,0.1280282509441559  
479,0.12767464661842112,0.1283006220100782  
480,0.12766130287628955,0.1283057436155967  
481,0.12766969430705774,0.12813785519355383  
482,0.12766336474348516,0.12816175044729158  
483,0.1276716189959165,0.12807490065311775  
484,0.12765781575685267,0.1283157018896861  
485,0.12766341005673493,0.12809781605998674  
486,0.12765379200506088,0.12807707144663885  
487,0.12767761103484943,0.12806254587112328  
488,0.12766691760333906,0.1282071546675303  
489,0.12766137846824152,0.12814699075160882  
490,0.12765126105617075,0.12823686347557947  
491,0.12766038687409037,0.1283120375413161  
492,0.12765159008219418,0.12814220499533874  
493,0.12764014343700142,0.12820253731348577  
494,0.12764472093271173,0.12808186952502298  
495,0.12762934504948614,0.1281705101331075  
496,0.1276590198354648,0.1281103489872737  
497,0.12765224653360485,0.1281730802013324  
498,0.12764786728812605,0.1280117942354618  
499,0.12765697854787797,0.12804498256017  
500,0.12765177285960874,0.1280734186562208  
501,0.127666735759629,0.12815586343789712  
502,0.1276366583755254,0.1280954702733419  
503,0.1276618668528469,0.12809937275373018  
504,0.12762141425896179,0.12803593297035265  
505,0.1276636448357721,0.1280563471791072  
506,0.1276348234747377,0.12811888314974615  
507,0.12762252123230863,0.1279961160169198  
508,0.12762211650000205,0.1281574832705351  
509,0.12763133159150247,0.12813242735006872  
510,0.1276566163848733,0.1280513641734918  
511,0.12763647998080535,0.12805589240712997  
512,0.12762074460230216,0.12808744924572799  
513,0.1276396007832054,0.1280420972750737  
514,0.12761658277657942,0.12809422325629455  
515,0.12763585655204476,0.12809237732719153  
516,0.12762663686824272,0.12804976248970398  
517,0.12764244541868836,0.12800613246284998  
518,0.1276144984814212,0.128077841626528  
519,0.1276300778360013,0.12802733757939094  
520,0.1276196279298619,0.12804336100816727  
521,0.12760979562159389,0.1280401457960789  
522,0.12761267893911932,0.12803666866742647  
523,0.12760948424067947,0.12800876003427383  
524,0.12759991020650205,0.1280099572852636  
525,0.12761860390377167,0.12822314991782874  
526,0.1275995943857276,0.12811298916737238  
527,0.12761180007549197,0.12804919060988304  
528,0.12761777424065354,0.12814790564469802  
529,0.12761612004026426,0.1279949145630384  
530,0.12761400117898536,0.1282570203527426  
531,0.12760192571241227,0.12810675704326385  
532,0.12760964929676422,0.1280043204434407  
533,0.1276234575663991,0.12798639749869323  
534,0.12760025855449156,0.12804665330510873  
535,0.12761277554894956,0.12800191056269866  
536,0.12761129101600183,0.12799964166986635  
537,0.12759064749607343,0.12798456398722452  
538,0.12759544031546854,0.12799291742535737  
539,0.12760697331879756,0.12810202105305132  
540,0.12760286604809334,0.12808219715952873  
541,0.1275871665886296,0.12803392800000998  
542,0.12761284510040527,0.12803665128273842  
543,0.12760210010554174,0.12795613906704462  
544,0.12760962313398375,0.12799665895410073  
545,0.12760572200236114,0.1280512378957027  
546,0.127607249123666,0.12802446987002325  
547,0.1275842602524306,0.12811131498370415  
548,0.1275890259181752,0.12804282332460085  
549,0.12758909415482256,0.12803276284382895  
550,0.127608205618151,0.12825333938384667  
551,0.127584935797145,0.1279941099958542  
552,0.1275887771907365,0.1279655075035034  
553,0.12758525051271824,0.12809498206927225  
554,0.12756962555906046,0.12826048076534882  
555,0.12760071443093707,0.12797840436299643  
556,0.12758981453640686,0.12816676277762803  
557,0.12758524696845228,0.12814412218255875  
558,0.12757240653114246,0.127966329932977  
559,0.12756435595967275,0.12807005299971655  
560,0.12759008359573687,0.12802005750246537  
561,0.12758096789612489,0.12798084404606086  
562,0.12757862123000957,0.12802402388591033  
563,0.12757919711606278,0.12803693698384824  
564,0.127573339225691,0.12806987523650512  
565,0.1275800840019265,0.12797857047273561  
566,0.12756690937463586,0.1279605211546788  
567,0.1275918514984648,0.12795539553730917  
568,0.12755203475732632,0.12793332395645288  
569,0.12756756626431595,0.12798848719551012  
570,0.12757408668470505,0.1279710829257965  
571,0.12755531686193802,0.12799173020399535  
572,0.12756762785070083,0.12797851545306352  
573,0.12756645568953756,0.12792981970004547  
574,0.12756147540515037,0.12800051997869444  
575,0.12755372318084282,0.12796418340160295  
576,0.12755557142026588,0.1280077564983796  
577,0.12756174164431175,0.12796656453074554  
578,0.12755688474230145,0.12798981081980926  
579,0.12756002362807997,0.1279477917422087  
580,0.12756652152523054,0.12792468099639967  
581,0.12756900329266668,0.12790795406087851  
582,0.12754394921957685,0.12795753557330522  
583,0.12755003089413924,0.12793279811739922  
584,0.12756572248380812,0.12795051512045738  
585,0.12755468962213878,0.1280655113932414  
586,0.1275524392419154,0.12809498273791411  
587,0.1275546125438817,0.12810087882173368  
588,0.12753934845747544,0.1280361662308375  
589,0.12754632395399196,0.12820707529019088  
590,0.12757199895961205,0.12794672716886568  
591,0.12755889853324426,0.12800309100212195  
592,0.12755098331081288,0.12797907491525015  
593,0.1275298508917889,0.1279879897259749  
594,0.12754612823810113,0.1280096842883489  
595,0.12753816259562817,0.12793633895806777  
596,0.12753971965264177,0.1279399444659551  
597,0.12754581415134927,0.12822090624234614  
598,0.12755510411070436,0.12795032780521956  
599,0.12753308339573233,0.1279533373621794  
600,0.12753606174150697,0.12797549720375967  
601,0.12753055505740368,0.12793948061955282  
602,0.12753731160974868,0.1279386258087097  
603,0.1275329175012191,0.12796958640981942  
604,0.1275335314214382,0.1281138128386094  
605,0.12752159294265006,0.12795441263379195  
606,0.12753771039683495,0.1279622775812944  
607,0.12752533046638265,0.12798368653807884  
608,0.1275331008883998,0.12794639428074545  
609,0.12751822543266178,0.12792412124765226  
610,0.1275325511079615,0.12799960604080787  
611,0.12751826316194462,0.12800637412911806  
612,0.12753509126051002,0.1279969758903369  
613,0.12751660050104952,0.1279237891236941  
614,0.12753462867663645,0.12811583710404542  
615,0.1275344361620181,0.1279319233428209  
616,0.12751024944321884,0.12800664521562746  
617,0.12752490909889225,0.12801568257885101  
618,0.12751470696743186,0.12814372233473337  
619,0.12752338214908415,0.12793995354038018  
620,0.12752125778085435,0.1279920649070006  
621,0.12752660777410277,0.12799569687400109  
622,0.12752203971071316,0.12789649630968386  
623,0.1275023818587708,0.12789454511724985  
624,0.12750853119832475,0.12808175251269951  
625,0.12753188234689594,0.12797905122622466  
626,0.12751337901100784,0.12791962606402543  
627,0.1275197724475885,0.12795400648162916  
628,0.12749920815915403,0.12796229850023222  
629,0.12749900003833234,0.12792029566107652  
630,0.1275139148430446,0.12807985691305918  
631,0.1275175387597145,0.1279092171253302  
632,0.1275029686253394,0.12798969332988447  
633,0.12750438697960065,0.12790534568902773  
634,0.1275001705226386,0.1279096156358719  
635,0.1274906484900838,0.12794592938362023  
636,0.1275160355336221,0.12797909382826242  
637,0.12750517060537167,0.12795221690948194  
638,0.1274986377419413,0.127906991312137  
639,0.12751114149303996,0.1280006162631206  
640,0.12749851767516807,0.12790009379386902  
641,0.12749507325841947,0.12787757374537298  
642,0.1274947210993913,0.12795117239539439  
643,0.1274843032059767,0.1278970471750467  
644,0.12751740045712123,0.12791118618005362  
645,0.12749706776550665,0.12789781066851738  
646,0.1274893361398631,0.12792750543508774  
647,0.12748557906550215,0.12787203949231368  
648,0.1275134008673146,0.12792789534880564  
649,0.12749936420213231,0.12801433134919557  
650,0.1274806253059441,0.1280456417455123  
651,0.12749420112127538,0.127989780348845  
652,0.1275076414922924,0.127983093357239  
653,0.1274974771663356,0.12794288706320983  
654,0.12747956532270402,0.12787725403904915  
655,0.12749013741074317,0.12787686785062155  
656,0.1274893931720568,0.12803566455841064  
657,0.1274937834314373,0.1278677480534101  
658,0.12748781751717447,0.12803881424359786  
659,0.12751432386276973,0.12792410137943733  
660,0.12747200237363196,0.12788511354189652  
661,0.12749397727991918,0.12792311704311615  
662,0.12747250504963234,0.12794423227508864  
663,0.12750578004762034,0.12792718754364893  
664,0.12746740626099776,0.1280268547244561  
665,0.12748459351184727,0.12788852877341783  
666,0.1274751821328002,0.12796133985886207  
667,0.12747271256068785,0.127922630462891  
668,0.12749768907914077,0.12790602856339553  
669,0.12749415798031766,0.12787778809284553  
670,0.12745083712250985,0.1278905067115258  
671,0.12747211028319186,0.12825437845327917  
672,0.12748634418868043,0.12795625006159148  
673,0.12748270577100843,0.1279368329888735  
674,0.1274974299475665,0.12794254777523187  
675,0.12746129522238242,0.1278691967137349  
676,0.12748248939928802,0.12788049360880485  
677,0.12748231635907728,0.12792838173799026  
678,0.12747225163461606,0.12787186898864233  
679,0.12750034356284934,0.1278589240824565  
680,0.12747270030819852,0.12787469094380355  
681,0.12746346134054082,0.1280244510525312  
682,0.12747884425513276,0.12794080978402725  
683,0.12747558139626633,0.12789351388047904  
684,0.12746817885381181,0.1279818941003237  
685,0.12744472789413788,0.12802848095695177  
686,0.12748275815373492,0.1278249537333464  
687,0.1274508590740926,0.1280887906367962  
688,0.12746895779200526,0.12814660026476934  
689,0.12747767396137843,0.12795602367856565  
690,0.12747082756379682,0.12788445139542604  
691,0.1274846003336065,0.1278956393018747  
692,0.12745985005746413,0.12813446852259147  
693,0.12746886021036016,0.12825656357483986  
694,0.1274787453396241,0.1278537388604421  
695,0.1274693604854062,0.12787591417630514  
696,0.12745086385694612,0.12787128249422097  
697,0.1274519732693577,0.12805843085814744  
698,0.127458958503078,0.12795162965089846  
699,0.12746244688015765,0.12786336950002572  
700,0.12748117264731765,0.1280476777599408  
701,0.12744261280578725,0.127868992013809  
702,0.12745695250570926,0.1278819779937084  
703,0.12747102872947294,0.12786663552889457  
704,0.12746520410946874,0.12789060614812067  
705,0.12745579360696055,0.12786874977441934  
706,0.1274596119818785,0.1280435347595276  
707,0.1274475379253897,0.12785837245293152  
708,0.12748036129624032,0.12785087707333076  
709,0.12743870530973006,0.12792079036052412  
710,0.12744170200565588,0.12789731530042794  
711,0.1274585875937396,0.12788810638281015  
712,0.1274566329120065,0.1278450328570146  
713,0.12747312239978625,0.12793801944607344  
714,0.1274635561210725,0.1280470401621782  
715,0.12744842766953246,0.12793496690499476  
716,0.12744728249052298,0.12790113486922705  
717,0.12746121097937266,0.12785647083551455  
718,0.1274342844667642,0.12786810806928536  
719,0.12745428075799553,0.12798211771326187  
720,0.1274659704521794,0.1279376019269992  
721,0.12743084332750887,0.12787321697060877  
722,0.12745800158937873,0.12797057303862694  
723,0.1274372374119661,0.1279410384595394  
724,0.12744236114384877,0.12783987829700494  
725,0.12746772619769398,0.1278767813092623  
726,0.1274403689805504,0.12787024753215986  
727,0.12743899976963277,0.12787090891446823  
728,0.1274455047172049,0.1278833481363761  
729,0.1274439313298906,0.1278268380615956  
730,0.12744551081486674,0.12785527081443712  
731,0.12745204165844662,0.12798568424888146  
732,0.12747908490316948,0.12794186022037116  
733,0.12743775213084868,0.1278912209165402  
734,0.1274423745396497,0.1280334351154474  
735,0.12743455388814287,0.12793358396261167  
736,0.12745067284768805,0.12787304054468107  
737,0.12742443114061794,0.12786516871971962  
738,0.1274435262927009,0.12789818061850008  
739,0.1274442063344409,0.12813278239889023  
740,0.127432822457055,0.12784444970580247  
741,0.12745258133963247,0.1278687528310678  
742,0.127435515813358,0.12802322925283358  
743,0.1274280554002813,0.12783881878623596  
744,0.12742791810761328,0.12792633407008955  
745,0.1274397896455072,0.12790673073285666  
746,0.12744319848620983,0.1278342003814685  
747,0.1274262762930997,0.12792731678256622  
748,0.1274306486024881,0.12786792514797968  
749,0.1274404344923051,0.12801107697379896  
750,0.12744874400479714,0.12787348968096268  
751,0.1274229967418839,0.12783376786571282  
752,0.12745840773176964,0.12783500256064612  
753,0.12743390073328068,0.12790278440866715  
754,0.12744233324704574,0.12785005674530298  
755,0.12741099740080822,0.12787842292052048  
756,0.12742125570697857,0.12781896967536363  
757,0.12741533724014717,0.12788957137710008  
758,0.12742684230856274,0.12801144635066009  
759,0.12744416395569091,0.12801579357339785  
760,0.12743484640441588,0.12781789746039954  
761,0.12743471400893253,0.12781981034920767  
762,0.12742070928025429,0.12785795474281678  
763,0.1274347819216416,0.12798617235743082  
764,0.12742031091238226,0.12781128153586999  
765,0.1274393562541898,0.12800986205156034  
766,0.12743018112142981,0.127821906350362  
767,0.12743241499985575,0.127834487419862  
768,0.1274311769458339,0.1279695407511332  
769,0.1274171726554251,0.12789644950475448  
770,0.12741351489673186,0.1278517613044152  
771,0.1274101779322185,0.12787367241122785  
772,0.1274294890939732,0.12784441942587876  
773,0.1274379369662241,0.12786289333150938  
774,0.12739946275873257,0.12788370862985268  
775,0.1274232093597312,0.12780970191726318  
776,0.12742958309324195,0.12780853914908874  
777,0.12742297681015166,0.1278256073785134  
778,0.12741106651399448,0.1279310157092718  
779,0.12741482692301426,0.12781593891290519  
780,0.12741423253436832,0.12787999203189826  
781,0.1274265859209363,0.12783711069287398  
782,0.12741394916458812,0.1279038695188669  
783,0.12743884292633637,0.12794430343768534  
784,0.12741613096517065,0.12796105100558355  
785,0.12740637367719884,0.12782791734505922  
786,0.12741268197517566,0.1278628148138523  
787,0.1274143937222488,0.127809444299111  
788,0.12741023688898673,0.1278433178861936  
789,0.12740739341587057,0.12783108527461687  
790,0.12741477206311264,0.12780831821071795  
791,0.12742072296188311,0.12783774915031898  
792,0.12741938724999538,0.12780023528597292  
793,0.12741392780371638,0.12795665993904456  
794,0.1274151273090821,0.1277814031793521  
795,0.1274179286321106,0.12781351202955613  
796,0.12743348254800757,0.1279797583627395  
797,0.1274132296976531,0.12787105439183039  
798,0.12739366361552187,0.12796546136721587  
799,0.12741502159086945,0.12778638360592035  
800,0.12739660548965645,0.1279082257205095  
801,0.12742593057472687,0.1278404852327628  
802,0.1274019362371596,0.1281680214481476  
803,0.12741332171518174,0.12782612204169616  
804,0.12740385541906746,0.12781263897434259  
805,0.1274161871970462,0.12784279701419365  
806,0.12741021360354046,0.12781580585317734  
807,0.12740894740499803,0.12791720300148696  
808,0.12739935803138996,0.127850625759516  
809,0.1274021460348383,0.1278499358166487  
810,0.1274118185462549,0.12785518570588186  
811,0.12739614974659727,0.12788581599791846  
812,0.12739420626931788,0.12783868429370415  
813,0.12741557828834293,0.1277919103128788  
814,0.12740822664230986,0.12782110827855575  
815,0.12740468317666626,0.12789407114569956  
816,0.1274153411464618,0.12791759367936698  
817,0.12738916451287696,0.1279297109024647  
818,0.12740791745274269,0.1278346727291743  
819,0.12738693347367483,0.12783665783130205  
820,0.12741150903274945,0.12788786051365045  
821,0.12739653612875268,0.12781384663704115  
822,0.12740858669018806,0.12786617626746496  
823,0.1273832671591998,0.12821180688647124  
824,0.12742140833907725,0.12782277367435968  
825,0.12739719875404598,0.12783083787713295  
826,0.12740750475536528,0.12784879721510103  
827,0.12739938247920302,0.12779696381244904  
828,0.12740014514426137,0.12784376635383338  
829,0.12739143629208247,0.12791241160952127  
830,0.12740719457492805,0.1278772727610209  
831,0.12739835681436618,0.12780150799797133  
832,0.12739894502912946,0.12783331806078935  
833,0.12742165081641255,0.12793452235368583  
834,0.1273994603958886,0.1278496482051336  
835,0.12739399744345403,0.12775908229060662  
836,0.12739592432366004,0.12803633883595467  
837,0.1273836503210275,0.1278345307860619  
838,0.12739697980987447,0.12781036798006448  
839,0.12739174397628936,0.12780370018803155  
840,0.12737985079169578,0.12782923113077116  
841,0.12738929909970753,0.1281101897549935  
842,0.12740344668517029,0.12783013207790178  
843,0.1273968967482867,0.1278878829609125  
844,0.12739633090432037,0.12777325339042223  
845,0.12738547152113122,0.12782688782765314  
846,0.12738626827593044,0.1278789507654997  
847,0.12738039403620277,0.12782314505714637  
848,0.12741703461960455,0.12792192065180877  
849,0.12737917301752377,0.12783090216227067  
850,0.12737660104280238,0.12785786524032935  
851,0.12739618819997744,0.12787080756746805  
852,0.12738035470628373,0.12778808635014755  
853,0.12739576757563958,0.12781886756420135  
854,0.12739096484754397,0.12811234832192078  
855,0.12740154413844618,0.12783445685337752  
856,0.12737334136615325,0.12775471615485656  
857,0.12737200121440545,0.12795751685133347  
858,0.12738471998430578,0.1278292557749993  
859,0.12739969058262418,0.12782953087335977  
860,0.12738075196895454,0.12778741723069778  
861,0.12737957628258048,0.12781466027865043  
862,0.12736620149953895,0.1277968616057665  
863,0.12738498256487005,0.1278284516854164  
864,0.12737859770312637,0.12783219378728133  
865,0.12739213117781809,0.12783280693185636  
866,0.12741040106853255,0.12784390695966208  
867,0.12738265552560388,0.1279254079056092  
868,0.12739449777566564,0.12783782814557737  
869,0.12737599478277098,0.1279225614017401  
870,0.1273873712286315,0.12788130237888068  
871,0.1273715643359877,0.12779830004542303  
872,0.12737819175128742,0.12778741856798148  
873,0.12739628261846045,0.12780409248975608  
874,0.12741218673070068,0.1277639974768345  
875,0.1273740719613212,0.1278687276137181  
876,0.1273796517792565,0.12784582424240234  
877,0.12737399587393416,0.127905695579755  
878,0.12740158821310837,0.12775832939988527  
879,0.12737097976076633,0.1277868039906025  
880,0.12739145719562955,0.12794193119192734  
881,0.12737395294258358,0.1278228026169997  
882,0.1273787518786957,0.1278401500521562  
883,0.12738739628621074,0.1278757120554264  
884,0.12736491172972236,0.12778344893684754  
885,0.12737342972508478,0.12780297299226126  
886,0.1273999017332216,0.1277639695849174  
887,0.12736397013639855,0.1277809287302005  
888,0.127380195366757,0.1278551090031098  
889,0.12737070631874187,0.12777128290289488  
890,0.12736950075382467,0.1280851156856769  
891,0.12738639457375192,0.12775603720010856  
892,0.12735717433035526,0.12788226340825742  
893,0.12737068831158416,0.1277694280904073  
894,0.12738388978764223,0.12794093711253923  
895,0.12738457261144048,0.12780411484149787  
896,0.1273714715753065,0.12782489460630295  
897,0.12739090328021427,0.1278037016208355  
898,0.12736062187215555,0.12775912575232676  
899,0.12735789497871228,0.1277935005342349  
900,0.12737885487201572,0.12779363015523323  
901,0.1273695393405912,0.12776141279400924  
902,0.12737055542066578,0.1278175980043717  
903,0.1273740100891084,0.12783655552909926  
904,0.12736931511813113,0.12783257090128386  
905,0.12737701389262135,0.1278625344618773  
906,0.1273799348632088,0.12776105621686348  
907,0.12736026809343595,0.12799785238427994  
908,0.127371739796208,0.12784200075727242  
909,0.12736007504527222,0.12781724438835412  
910,0.12739635714332162,0.12783536238548082  
911,0.12734559523251354,0.12778263940260962  
912,0.12736564874649048,0.12783491611480713  
913,0.12739671044566137,0.12776390759226602  
914,0.12736995720192598,0.12782811660033006  
915,0.12735771696509607,0.12781556972708458  
916,0.12736495456579702,0.12777165696024895  
917,0.1273681090768341,0.12783337737887335  
918,0.12736882520911028,0.12783648264713776  
919,0.12736710837430051,0.1277691054229553  
920,0.1273615854551725,0.12777283099981454  
921,0.1273764025829637,0.12787779200917634  
922,0.12738088495514888,0.1278065670377169  
923,0.1273728148330508,0.12784594249648926  
924,0.1273655877317614,0.1277917202275533  
925,0.12735618639480123,0.12792523415424886  
926,0.1273552393326369,0.12781855158316782  
927,0.12737770561519487,0.12795596588880587  
928,0.1273598864369685,0.12779139670041892  
929,0.1273670211205702,0.12792335192744547  
930,0.1273836844298236,0.1278169916417354  
931,0.12735024126975433,0.12782127438829496  
932,0.12737014535290506,0.1277377042823877  
933,0.12735901986394088,0.1279848260948291  
934,0.12735657100482364,0.1278014569901503  
935,0.12736136142326437,0.1277551349156942  
936,0.12736640737184782,0.1278012373890632  
937,0.12737476063506378,0.1279206938850574  
938,0.1273750991124631,0.12779330290280855  
939,0.12735585319569043,0.12789174828391808  
940,0.1274017198844944,0.12777245694246048  
941,0.12734932397180201,0.1278430313254014  
942,0.12738125656952942,0.12773784823142564  
943,0.1273873246005734,0.12776373641995284  
944,0.12737005842311303,0.12781802583963442  
945,0.12735408453075478,0.12776346619312579  
946,0.12737227520903052,0.12774708590064293  
947,0.12735951101154927,0.1277986714282097  
948,0.1273694433976927,0.12774532756362206  
949,0.12735822309008646,0.1283683537099606  
950,0.12736892684951157,0.1278667545471436  
951,0.12734765496552752,0.12774774833367422  
952,0.1273644271180453,0.12779189120882598  
953,0.12738728761444312,0.12772185852130255  
954,0.12734992175227236,0.12783773625508332  
955,0.12737561800443303,0.1279144260363701  
956,0.12735337445803005,0.127849180633441  
957,0.1273600004060799,0.12781182810282096  
958,0.1273639711272686,0.12778920622972342  
959,0.12735401036794228,0.12778036372783858  
960,0.1273594164596799,0.12779314663165656  
961,0.1273590598226813,0.12780284623687083  
962,0.12735764554623144,0.12778522914800888  
963,0.12736587245446032,0.12775845510455278  
964,0.1273644242407111,0.12775710540322158  
965,0.12736385334711856,0.12789386596817237  
966,0.127347504810604,0.12776271406656656  
967,0.12737431516275383,0.12776622300346693  
968,0.12735347181101284,0.12798564460797188  
969,0.1273578211207829,0.12780941860415998  
970,0.1273565717098658,0.1278011951691065  
971,0.12735067910093176,0.12798273926362014  
972,0.12736312141808706,0.12777254482110342  
973,0.12734789668065508,0.12787499097295296  
974,0.12737634415974092,0.12773932774479574  
975,0.12734258820867295,0.12781248222558927  
976,0.12734938931206,0.12780975311612472  
977,0.12734626614681596,0.12779764496745208  
978,0.1273549949116719,0.12787180928847727  
979,0.1273510039157575,0.12773963226339755  
980,0.12735727518949364,0.12776027944607612  
981,0.1273640349240559,0.12773972424941185  
982,0.12734849933925493,0.1277226788493303  
983,0.12734492397521768,0.12779872864484787  
984,0.12734791783191968,0.12777300828542465  
985,0.1273923806865197,0.12781149903551126  
986,0.12733853010036755,0.127780538243361  
987,0.12734826233076013,0.1277217026322316  
988,0.12734093362717983,0.12773345191127214  
989,0.1273533342325169,0.12780192207831603  
990,0.12734070454564544,0.12775939865372118  
991,0.12735004002785744,0.1278310440098628  
992,0.127349857555326,0.1277708229728234  
993,0.12736021464361863,0.1278561810270334  
994,0.127342626947881,0.12770898888508478  
995,0.1273562136627829,0.1279128613189245  
996,0.12735464576336428,0.12777622559895882  
997,0.1273531287032015,0.1277411607786631  
998,0.12735260519987482,0.12772329361774984  
999,0.12735183763763178,0.1277693244509208  
1000,0.12734798341989517,0.12803024999224222  
1001,0.12735691134963195,0.12786830025605667  
1002,0.1273549969696328,0.12770917495855919  
1003,0.12734392796026167,0.1277568713785746  
1004,0.12735376207877303,0.12771340631521666  
1005,0.12733628355023807,0.12773539737249032  
1006,0.12735465290906178,0.12772301498513955  
1007,0.12736357950493502,0.12791525629850534  
1008,0.12733220800643077,0.12781804035871458  
1009,0.1273481055255741,0.12774505084141707  
1010,0.12735182917712595,0.1277446940732308  
1011,0.1273276338072689,0.12777674379639137  
1012,0.12734306807560689,0.12776357776079422  
1013,0.12735847446619702,0.12780707558760276  
1014,0.12737652550801595,0.12778894507732147  
1015,0.12735719732997364,0.12791093161854988  
1016,0.12733477375010396,0.1277731485091723  
1017,0.12733857127864037,0.12776527878565666  
1018,0.12734470472616308,0.12775555692422083  
1019,0.127359830109817,0.12775239797356802  
1020,0.12735232177292904,0.12779345057713679  
1021,0.12734614785217568,0.127705393693386  
1022,0.1273267092873983,0.12813335781296095  
1023,0.12733891114706883,0.12791099876929551  
1024,0.1273345260325905,0.12777756622586495  
1025,0.127345704380661,0.12771892299254736  
1026,0.127360901126014,0.12794810944260696  
1027,0.1273416420230475,0.12774038993013212  
1028,0.12733992240617953,0.1278636308434682  
1029,0.1273469437685464,0.1278908466681456  
1030,0.12734414522757614,0.12777747443089119  
1031,0.127348680592254,0.1277811259795458  
1032,0.12734442831152845,0.12781189964749876  
1033,0.1273733887373639,0.12784536574513483  
1034,0.12733701323075672,0.12772228435063973  
1035,0.12734924030044806,0.12784758802407828  
1036,0.12733786179662665,0.1278384499824964  
1037,0.12733959612410392,0.12781373038887978  
1038,0.12735405880624376,0.12775887052218118  
1039,0.12733826683381635,0.128035507332056  
1040,0.1273638409421877,0.12776041966982377  
1041,0.12734904624235904,0.12777717277789727  
1042,0.1273280437035329,0.12782812911348465  
1043,0.12734669111573788,0.12773176540548986  
1044,0.12733696934664646,0.1278197134916599  
1045,0.12734964188864772,0.12835637241219863  
1046,0.12733140353427824,0.12782943946046707  
1047,0.1273278925577393,0.12774794539197898  
1048,0.12734536517916434,0.12773900049237105  
1049,0.12733807349982468,0.12783553909796935  
1050,0.12735324008080662,0.12777450470588145  
1051,0.12737778882922418,0.12782149523114547  
1052,0.12733739096185434,0.12778562718094924  
1053,0.12733073462077113,0.1277179330205306  
1054,0.1273307656045155,0.12779328227043152  
1055,0.12734031850648353,0.12773509954030698  
1056,0.12734769292347267,0.12788736313963547  
1057,0.12732792474196086,0.1278098190251069  
1058,0.12734955057616124,0.1278361083032229  
1059,0.12733891299542258,0.1277827255618878  
1060,0.12731807724670377,0.1277820517619451  
1061,0.12733387386859835,0.12782111467841345  
1062,0.12734635204762754,0.1279839681318173  
1063,0.12735648287455445,0.12769680689924803  
1064,0.1273358546750015,0.1277978319961291  
1065,0.12736044254373102,0.12796601949211878  
1066,0.12734443955409253,0.12779797699588996  
1067,0.12733944263452154,0.12774569684496292  
1068,0.1273438471662419,0.12772986550743765  
1069,0.12733607354295223,0.12772817202867606  
1070,0.12737537968112989,0.12772435150467432  
1071,0.12732666185902208,0.127730217977212  
1072,0.12734818818700283,0.1277146102526249  
1073,0.12734188781598646,0.12811188141887003  
1074,0.12732966127984055,0.12773568479296488  
1075,0.127326341541222,0.12776851835541236  
1076,0.12734441211461411,0.12776614763797858  
1077,0.12733455653995504,0.12781611151802233  
1078,0.12733728341434314,0.12780173084674737  
1079,0.1273229214389001,0.12778104345003763  
1080,0.12735986738177515,0.1277808397053144  
1081,0.12733308041034758,0.1277396980768595  
1082,0.12732171252026886,0.1278307802784137  
1083,0.12733343994373555,0.12779411797722182  
1084,0.1273374635811962,0.1277919028622982  
1085,0.1273297641588294,0.12770060325662294  
1086,0.12735087660801075,0.1277473397935048  
1087,0.12734015766159654,0.12773071869443625  
1088,0.12733229106801855,0.12783356125538164  
1089,0.12733323664387777,0.1276964742021683  
1090,0.12730809352586947,0.12779392206516021  
1091,0.12734222217746402,0.12777395126147148  
1092,0.12736175542749711,0.12788989127446443  
1093,0.12732223556627092,0.12781462971216592  
1094,0.12732166936025596,0.1278455410248194  
1095,0.1273325708554224,0.12770541423024276  
1096,0.12731850452130408,0.12775684568362358  
1097,0.12732002331548944,0.12788438978485572  
1098,0.12733386302619334,0.12772283445184046  
1099,0.1273315682473695,0.12771720534715897  
1100,0.12733499980186258,0.1279098655168827  
1101,0.12733155302227,0.1278037894039582  
1102,0.127339425332406,0.1277116234294879  
1103,0.1273335534364671,0.12789260433652463  
1104,0.12733520639826879,0.12808227051909155  
1105,0.12733404305966003,0.1277884599299003  
1106,0.12733010196929698,0.1277310168131804  
1107,0.12733933392464353,0.12795314985590103  
1108,0.12731828399555153,0.1278189266912448  
1109,0.12733952352381728,0.1277079835343055  
1110,0.12732151299333938,0.12776218431118208  
1111,0.1273228971244734,0.12772407459142882  
1112,0.12731587789628818,0.12778506542627627  
1113,0.12732746240580478,0.12780591004934067  
1114,0.12732879032411842,0.12774968835023734  
1115,0.1273431745941377,0.12768537369676125  
1116,0.1273242223369496,0.12768321083142206  
1117,0.12733381613136252,0.12770432892900246  
1118,0.12733095865267927,0.12782627267715257  
1119,0.12733427608561942,0.12776756009612328  
1120,0.12732804659992228,0.1277126632630825  
1121,0.12733214034143922,0.12773890287066117  
1122,0.12731018586231924,0.127755364546409  
1123,0.12734133616813917,0.12771029560229716  
1124,0.1273186083721078,0.12783581400528932  
1125,0.12733735126988663,0.12777392126810858  
1126,0.12731938847266805,0.1277369566452809  
1127,0.12731799729111248,0.12787738079443955  
1128,0.12732663213292048,0.12771025930459684  
1129,0.12734865330521714,0.12775890892132735  
1130,0.12730636483872942,0.1277457907413825  
1131,0.1273358592863583,0.12791113727367842  
1132,0.12733297455874856,0.12786217196247515  
1133,0.12732026352525672,0.12774678625357458  
1134,0.12732474904154878,0.12775345624257356  
1135,0.12733314879943647,0.12770615155116105  
1136,0.12734668797163098,0.12782429196895698  
1137,0.1273456666513782,0.12774450016709474  
1138,0.12732251830722974,0.12777131595290625  
1139,0.12731271827845927,0.12775369332386896  
1140,0.12733193929009426,0.1277205335597197  
1141,0.1273244816971862,0.12778954293865424  
1142,0.1273142666653599,0.12773069615165392  
1143,0.12731490047920085,0.12787821736091223  
1144,0.1273445629555246,0.12781426606652063  
1145,0.12733370517297168,0.1277648246823213  
1146,0.1273141985430437,0.12772106541655  
1147,0.12733647135822365,0.127764002348368  
1148,0.12730781760666987,0.12773419314852127  
1149,0.12733263221314495,0.1277745436781492  
1150,0.12734014588548703,0.1277335841113176  
1151,0.12732887422413472,0.12793807331950235  
1152,0.12732232085731635,0.12781057382623354  
1153,0.12732733100119148,0.1277994706462591  
1154,0.1273258153892234,0.12774929595299256  
1155,0.1273218996422675,0.12777218461418763  
1156,0.12731987182670237,0.12781444870126554  
1157,0.12731803835505415,0.12782478982057327  
1158,0.12732550671414647,0.12770192563915864  
1159,0.12733009737699538,0.12772522981350237  
1160,0.1273250294006084,0.12774162968763939  
1161,0.1273339844458853,0.1277291962924676  
1162,0.12730558271831868,0.1279061206449301  
1163,0.12731488792182843,0.12774080878649002  
1164,0.12733220274719742,0.12775517522524565  
1165,0.127319682265639,0.12774172492134264  
1166,0.12733784228410866,0.12773073961337408  
1167,0.12730527368119304,0.12771969976333472  
1168,0.1273126498131496,0.1277367269190458  
1169,0.12730686595220395,0.1277453481959991  
1170,0.12730843040263257,0.12778618759833849  
1171,0.12732837436830297,0.12771274369114485  
1172,0.12731835242275083,0.12778703696452653  
1173,0.12731505757021477,0.1277540345222522  
1174,0.12731923441142987,0.12780948699666903  
1175,0.12734994890592288,0.12775905860158113  
1176,0.12731339012646614,0.12770609318827972  
1177,0.1273329551986721,0.12768986954902992  
1178,0.12732441784323328,0.1276959766371128  
1179,0.1273156648592266,0.1277151729625005  
1180,0.12732992616608318,0.12771286863165024  
1181,0.12731120279987754,0.12788020781217477  
1182,0.12731297716231602,0.12770142329808992  
1183,0.12730694316384739,0.12776239225879693  
1184,0.12731323520774426,0.127729343298154  
1185,0.12732872696560057,0.12769147046865562  
1186,0.1273073458000827,0.1278151879325891  
1187,0.12732693871192616,0.12786292972472998  
1188,0.12732985409934197,0.1277167228743052  
1189,0.12730832935294226,0.12768732995176926  
1190,0.12731220542698565,0.12780849339488226  
1191,0.12732454480798652,0.12775884549587202  
1192,0.12731728434105358,0.12806003645826608  
1193,0.12732429377486942,0.1277059597464708  
1194,0.12731522117810481,0.12783146449006522  
1195,0.12730509620112226,0.12776539446069643  
1196,0.1273146052761456,0.12789840117478982  
1197,0.1273166214680428,0.12774426566484648  
1198,0.1273218916200311,0.12774921390108573  
1199,0.1273109630855453,0.12781935338026437  
1200,0.12732874074250536,0.12773444446233603  
1201,0.12730153082200632,0.1276847827128875  
1202,0.12730056788686597,0.12769031018400803  
1203,0.12730255027485016,0.12772734310382453  
1204,0.12734172662810597,0.1277205788363249  
1205,0.1272974886247874,0.12775459312475645  
1206,0.12730117376579347,0.1277345477197415  
1207,0.1273330044754021,0.12773114051192236  
1208,0.12731944521903382,0.12775590328069833  
1209,0.12731657867007853,0.12771650260457626  
1210,0.12729672252979424,0.12772883856907868  
1211,0.12732373073201655,0.12773705407595023  
1212,0.12730938619207544,0.12769368013892418  
1213,0.1273096149496715,0.12776162112370515  
1214,0.12730374837013156,0.12770109824263132  
1215,0.12730797448807665,0.12785959807343972  
1216,0.12730435626890957,0.12767334444782671  
1217,0.12732365635959694,0.12775736731978563  
1218,0.12730828390630614,0.12780031791100135  
1219,0.12730785718430643,0.12774798761193568  
1220,0.12730914979334682,0.12769229834278426  
1221,0.12731504019187845,0.12771045626738134  
1222,0.12727979056136993,0.1276924133491822  
1223,0.12730526483958335,0.12779064667530549  
1224,0.12732598785777835,0.1278060872394305  
1225,0.12729878592140534,0.12770536083441514  
1226,0.1273252733261384,0.12769182704580137  
1227,0.1273128856592776,0.1277170406702237  
1228,0.1273177545660597,0.12768971022122946  
1229,0.12732631964680483,0.12825540491403678  
1230,0.12733402846338193,0.12772703782106057  
1231,0.12729184070359106,0.12776466774252745  
1232,0.12731692562703892,0.12783139151258346  
1233,0.12729775097668933,0.12770355645662698  
1234,0.12730187652132396,0.12774569923296952  
1235,0.12734480089772388,0.1277720332145691  
1236,0.12732802775433605,0.127815343439579  
1237,0.12729899535703537,0.1277870947542863  
1238,0.12730576890661283,0.12774140626574174  
1239,0.12730577780538813,0.12766803189730033  
1240,0.12729581502621132,0.12770969707232255  
1241,0.12732098209659767,0.1277602127729318  
1242,0.12728953178581373,0.1277988375379489  
1243,0.12731246482533262,0.12783125568276796  
1244,0.1273040497089591,0.12772759976677406  
1245,0.12730120644545007,0.12798928717772165  
1246,0.12730289380187573,0.12769273190926284  
1247,0.12730095182995663,0.12772694478432337  
1248,0.12730610494494743,0.12770216673230514  
1249,0.12730070394094642,0.12770773298465288  
1250,0.12731654768633416,0.12775788952906927  
1251,0.12730722323707913,0.12767669692253455  
1252,0.12728608397724073,0.12768612458155706  
1253,0.12732287989857863,0.12768179197341967  
1254,0.12729008326216426,0.12776427037822893  
1255,0.12731220979062494,0.1276843470449631  
1256,0.1273108580152092,0.12789670693186614  
1257,0.12730774927474653,0.1279561636157525  
1258,0.12729621970135233,0.1277377659884783  
1259,0.12730456526627015,0.128121444525627  
1260,0.12731519827376242,0.12770106853582922  
1261,0.1273046627526393,0.12773358965149292  
1262,0.1273041784458453,0.1281474392192486  
1263,0.1273070232337698,0.12774945738223883  
1264,0.1273035877348517,0.1279341404636701  
1265,0.12731612288890898,0.12769747878878546  
1266,0.12728576556496,0.1280197772460106  
1267,0.12729706346531353,0.12769727943799433  
1268,0.1273038873968222,0.12767787363666755  
1269,0.12732127590862383,0.12777545016545516  
1270,0.1272959913629705,0.12773458850689423  
1271,0.12729710348121956,0.12774519927990743  
1272,0.12730774010919854,0.12783271551896364  
1273,0.12732681525332848,0.1276888550283053  
1274,0.12728630555102893,0.12771723620020425  
1275,0.12729598181631863,0.1276834518290483  
1276,0.12730675726138113,0.12775962790235496  
1277,0.127297482870119,0.12772332122310615  
1278,0.127294439736687,0.12784511137467164  
1279,0.12730310756303465,0.12783889357860273  
1280,0.1273086078064826,0.12773262422818404  
1281,0.12731030253726808,0.12767228359977403  
1282,0.1272938710153865,0.12766194878480372  
1283,0.12730386912289177,0.1277018882907354  
1284,0.12731214797557772,0.1278346955585174  
1285,0.12729644607704924,0.127676370434272  
1286,0.12729616716618428,0.1277166332762975  
1287,0.12730644515636938,0.12778106360481337  
1288,0.1272918017166655,0.1278132632947885  
1289,0.12732452304695574,0.1277456528101212  
1290,0.12730222166804098,0.1277420665973272  
1291,0.12729185903468704,0.1277110073237847  
1292,0.12730356896548625,0.12771201477600977  
1293,0.12730202627608844,0.1276471140101934  
1294,0.1272887233882914,0.12766113036718124  
1295,0.1273035788551316,0.12770554270499793  
1296,0.12729636130049404,0.12779013382700774  
1297,0.12730574226745253,0.12778093341069344  
1298,0.12730893608935348,0.12792057992938238  
1299,0.12729560435199372,0.127709683126364  
1300,0.12729383058026625,0.1277157048193308  
1301,0.12729997119254163,0.12782933085392684  
1302,0.12732367411903714,0.12776572725329643  
1303,0.12728679713690677,0.12781929759643015  
1304,0.12730896690160112,0.12773080848348448  
1305,0.12728823500368602,0.12771765620280534  
1306,0.12728701055507222,0.12776938558388978  
1307,0.12730969839236317,0.1276787176537208  
1308,0.12731095832174696,0.12770591418330485  
1309,0.12729664177388486,0.12774314588079086  
1310,0.127290602630514,0.1276737508865503  
1311,0.12730733278538564,0.12768493143793863  
1312,0.12729143115032054,0.1277022300622402  
1313,0.12731269564088957,0.12785557533303896  
1314,0.12728572067092447,0.12773601280955169  
1315,0.12730533185669834,0.12768674288422632  
1316,0.1272993000876873,0.12775001999659416  
1317,0.12730494141578674,0.12774930263941103  
1318,0.12729177747845954,0.127756104637415  
1319,0.12729603987749274,0.12781198494709456  
1320,0.12732031097268814,0.12794083471481615  
1321,0.12729421926810003,0.12770747288297385  
1322,0.1272879015949681,0.1277994855474203  
1323,0.12731327497593278,0.1279659934150867  
1324,0.12728667868982496,0.12778044644838724  
1325,0.12728753447761315,0.1278864093697988  
1326,0.12729690751761122,0.12767602369571343  
1327,0.12730466229531467,0.1277532417040605  
1328,0.12729288603338745,0.12767407689721155  
1329,0.12728196367278427,0.12773028350411317  
1330,0.12730488638438836,0.12775851346743414  
1331,0.1272888850525517,0.12768308684611931  
1332,0.12730754224007088,0.1277056172108039  
1333,0.12728693524894813,0.12769831525973785  
1334,0.1272865334320861,0.12780262510745954  
1335,0.12728499912697336,0.12776077242615896  
1336,0.12729187624152663,0.12774434943611807  
1337,0.1273114665618638,0.12771144432899278  
1338,0.12729299478137585,0.12771729475412613  
1339,0.1272993905617453,0.1276721438536277  
1340,0.12730800107007137,0.1277579984221703  
1341,0.1272834093140824,0.12763296640836275  
1342,0.12729601945032548,0.12784231177125222  
1343,0.12729943217828754,0.127739518116682  
1344,0.12729763927514595,0.12770817810908341  
1345,0.12727511085360252,0.12782417820432249  
1346,0.1273012106566478,0.12767831828349677  
1347,0.12728537666751905,0.1276893023497019  
1348,0.12728431796097694,0.12770688323638377  
1349,0.12728690912427804,0.12768570658488151  
1350,0.12729043652639366,0.12789969748029342  
1351,0.1272906595674317,0.12765412357373115  
1352,0.12727725416269448,0.12773041150126702  
1353,0.12730005880832063,0.12771374331070826  
1354,0.1272994581124057,0.12776080585825136  
1355,0.12729105010361927,0.12767277906338373  
1356,0.12728381082606133,0.12768764067918825  
1357,0.12729118663407957,0.1276851101563527  
1358,0.12730791993305812,0.127658837976364  
1359,0.12728388174949096,0.12773294641803473  
1360,0.12729468512946687,0.12771068054896134  
1361,0.12730217046673645,0.12769017597803703  
1362,0.12729903308631818,0.1276752925836123  
1363,0.1272883484201968,0.12769963687811142  
1364,0.12728794728932175,0.12769761729316834  
1365,0.12729080613997892,0.1278086075415978  
1366,0.12729629211108703,0.12767348037316248  
1367,0.127289719365137,0.12772396369240221  
1368,0.12728357663773515,0.12773020603717902  
1369,0.1272884602741817,0.1277337587223603  
1370,0.1272792774050132,0.1279412492727622  
1371,0.12732035760074625,0.127646236656568  
1372,0.12727908208928146,0.12767686484715876  
1373,0.12729270058824582,0.12764780729626998  
1374,0.12728852658625453,0.12768574087665632  
1375,0.1272820243254647,0.12773622524661896  
1376,0.12729152530203086,0.12778004497671738  
1377,0.12728097400320765,0.12770039225235963  
1378,0.12729112138909757,0.12774748555742776  
1379,0.12727115800618516,0.1277427706771936  
1380,0.12730538955582377,0.12768526489918047  
1381,0.12728554589669114,0.12776050535150063  
1382,0.12729368000612845,0.12779212274994606  
1383,0.12727628036609392,0.12771728997811294  
1384,0.12729618584027375,0.127744270918461  
1385,0.12728237560795397,0.12785217595788148  
1386,0.12729840072067192,0.12769764279707885  
1387,0.1272840945960006,0.12767348543573648  
1388,0.1272754234349941,0.12768579226655838  
1389,0.12727848768158032,0.1276913165855102  
1390,0.1272901781951375,0.12794694915795937  
1391,0.12728124624475493,0.12772275354617682  
1392,0.1272931266242586,0.1281844773926796  
1393,0.12728686583087878,0.127651580537741  
1394,0.12729285203892252,0.12777347031694192  
1395,0.12727776289824635,0.12767494613161454  
1396,0.12729380184503467,0.12780929977695146  
1397,0.12728799540368493,0.12767925934913832  
1398,0.12727170689102937,0.1276722991695771  
1399,0.12730507514513362,0.12765654520346567  
1400,0.12727598621107428,0.12765947385476187  
1401,0.1272678357141707,0.12767332028119993  
1402,0.1272753679081607,0.12768645173846147  
1403,0.12728629853871778,0.12773858077633074  
1404,0.12727486688996215,0.1277324385367907  
1405,0.1273046707558205,0.1277541927038095  
1406,0.12727377376974086,0.12773672309823525  
1407,0.12728829026374672,0.12768234121493804  
1408,0.1272852474351978,0.12781404627439302  
1409,0.1272664443801736,0.12766974199658784  
1410,0.12728861081020912,0.12764656524627638  
1411,0.12728168218946823,0.1277076287720448  
1412,0.12730051498964925,0.12772708405286837  
1413,0.12727516418908869,0.12773462614187828  
1414,0.12728130663066264,0.12780113919423178  
1415,0.12730806549568005,0.12783877389171186  
1416,0.12727722761881016,0.12764863421519598  
1417,0.12728659865801292,0.12765593463793778  
1418,0.12729131670482932,0.12784556003335196  
1419,0.12728029278004566,0.12772985729269493  
1420,0.1272841425960326,0.12770995812920424  
1421,0.12727424409002294,0.1276691550245652  
1422,0.1272765520169302,0.12765151634812355  
1423,0.12726665090035905,0.1276818131789183  
1424,0.1272793226801526,0.12785353272771224  
1425,0.12728057721691668,0.1276887737405606  
1426,0.12728008986129175,0.12774516498813263  
1427,0.12728618491259988,0.12768585712481767  
1428,0.1272905262191887,0.12776114524174959  
1429,0.12730373966190822,0.12767279998232156  
1430,0.1272874664886833,0.12767804662386575  
1431,0.12728886919863083,0.12768846979508033  
1432,0.127268459409704,0.12801964619220832  
1433,0.12726618465788833,0.1276482665576996  
1434,0.1272647574048518,0.12767449260140076  
1435,0.12727448856815352,0.12764675580920318  
1436,0.1272829118973154,0.1276544838761672  
1437,0.12727644452658457,0.1277155370857471  
1438,0.1272822037872756,0.1277050350147944  
1439,0.12727342307796258,0.12770840678459558  
1440,0.12727926831568598,0.12766418032921278  
1441,0.12727302192803233,0.12771853623099816  
1442,0.12728217996828392,0.12777869718579146  
1443,0.12726960674195034,0.12768836157062116  
1444,0.1273040284814737,0.12776115918770814  
1445,0.12727849383640777,0.12777771237186897  
1446,0.127286339659825,0.12765579804396018  
1447,0.12727978955144467,0.1276811114870585  
1448,0.12726314962291352,0.12771697819997102  
1449,0.12728090222229432,0.12764137563032982  
1450,0.12728347353008398,0.12765886185643  
1451,0.12727807835697214,0.12764753219790947  
1452,0.12728784799270923,0.1276608160099922  
1453,0.12727835475255156,0.12774801722321755  
1454,0.1272829494169911,0.12763490518316245  
1455,0.1272648721933365,0.12775000414023033  
1456,0.12727029640656298,0.12781784024376136  
1457,0.1272871763161991,0.12768190659773657  
1458,0.12725580845723677,0.12769819108339456  
1459,0.12728740343504855,0.1276698826979368  
1460,0.12727201442279473,0.12769957775106797  
1461,0.12728582755150392,0.12767471239352837  
1462,0.1272759232146051,0.12765240525970092  
1463,0.1272834547797737,0.12767945258663252  
1464,0.12727869281073664,0.12764921669776624  
1465,0.12726390479928087,0.12766089118444002  
1466,0.12727202789481643,0.1277428368727366  
1467,0.12728137778275458,0.12772734721119589  
1468,0.12727514972619694,0.12777199691686875  
1469,0.12727776289824635,0.12771336189829385  
1470,0.1272771044269852,0.1279392153597795  
1471,0.12727098157415,0.1276095684331197  
1472,0.1272977536634716,0.12764334583129638  
1473,0.12726313418820692,0.12771119225101593  
1474,0.1272747703182423,0.12768675635258356  
1475,0.12729120793778573,0.12768223652472863  
1476,0.12725684435471243,0.12782385123845857  
1477,0.12727308595348197,0.127761254994533  
1478,0.12725851940148322,0.12774944076171288  
1479,0.1272841624515441,0.12787316309717986  
1480,0.12727019139339246,0.12771026322092766  
1481,0.12727074708094072,0.1277108534406393  
1482,0.12726514306290984,0.12767639249945298  
1483,0.1272907148274924,0.12777962086674494  
1484,0.12727367826511182,0.12779564257615653  
1485,0.12729537134508953,0.12761158840014383  
1486,0.1272654328733454,0.12771633019049963  
1487,0.12726482916670992,0.12766267426120928  
1488,0.12727079288962553,0.12774394003626627  
1489,0.12728338806754183,0.12765771475357887  
1490,0.12725884884672092,0.12777701459633997  
1491,0.1272791432373969,0.12767626058596832  
1492,0.12726801700528015,0.1276372238420523  
1493,0.12725234062165555,0.12774041533852235  
1494,0.1272882115657982,0.127777033413832  
1495,0.12727135606586476,0.1277100135309574  
1496,0.1272573007456482,0.12766619198597395  
1497,0.1272967670998915,0.12780954984900278  
1498,0.12727254621513054,0.1279545257297846  
1499,0.12727328984405073,0.12767093389844283  
1500,0.1272636708586722,0.12764691265347677  
1501,0.12728084957279512,0.1277363720612648  
1502,0.1272589453041096,0.12782813446261945  
1503,0.12726012522073657,0.12775998982863548  
1504,0.12725627214631155,0.1278435818086832  
1505,0.12726792005245643,0.12765797590598083  
1506,0.12726793724024082,0.1276372214540457  
1507,0.12726783070265485,0.12768453082595116  
1508,0.12727424045048102,0.1277534330311494  
1509,0.12725828239298842,0.12773648993327066  
1510,0.12726259134385898,0.12770990788554534  
1511,0.12726703899748185,0.12776389125830087  
1512,0.12724912557226922,0.12766887381290778  
1513,0.1272712941555416,0.12763719136516252  
1514,0.12726727023225307,0.12777460815432745  
1515,0.12726075747205168,0.1277169107626646  
1516,0.12727037455191087,0.12773336823552084  
1517,0.1272528980622816,0.12768310470840868  
1518,0.1272773980865698,0.12768640550665367  
1519,0.12726532519244782,0.12774233147501945  
1520,0.12727716635636357,0.1279940358721293  
1521,0.12726685418116163,0.12764795563924006  
1522,0.12727161904658807,0.12780998456172454  
1523,0.12725628066398298,0.12765582020466143  
1524,0.1272503360343711,0.12778011604379386  
1525,0.1272487352075784,0.12764843295399958  
1526,0.12724875611112552,0.12768315609831077  
1527,0.1272663501712977,0.12777986320165488  
1528,0.12726817501094334,0.1276657654879949  
1529,0.1272491085178712,0.1276013158643857  
1530,0.12727318151527658,0.1277245585926068  
1531,0.12725312666743613,0.12768972426270828  
1532,0.12725859728005842,0.12782035605647626  
1533,0.12725925085413486,0.12763155576510307  
1534,0.12727386129024387,0.12765480797642317  
1535,0.12726994051271692,0.12764900645766503  
1536,0.12726509704461794,0.12777141548502138  
1537,0.12725902588852225,0.12768789428548935  
1538,0.1272640635480966,0.12778118701699454  
1539,0.12724365015773823,0.12766823860315177  
1540,0.12725611305450235,0.12769010252295396  
1541,0.12725480826919341,0.12776913054478475  
1542,0.12727542253940002,0.127649070838323  
1543,0.12724896750944045,0.1279057468741368  
1544,0.12726406913126825,0.12766853471597037  
1545,0.12724959086198026,0.12769716624648142  
1546,0.12726199853679407,0.12764531230697265  
1547,0.12725661140497382,0.1276844116166616  
1548,0.12726364315242109,0.1276799371609321  
1549,0.12724835305567592,0.1276637180111347  
1550,0.12725314880957078,0.12774485110854492  
1551,0.12725316329151773,0.12771304171436873  
1552,0.12726591735163614,0.12769562722398684  
1553,0.1272575082567037,0.12766277322020286  
1554,0.1272540194604098,0.12770252502881563  
1555,0.12725114224054623,0.12767277772610003  
1556,0.12726174014837235,0.1276215711274208  
1557,0.1272560983248379,0.12773937416764405  
1558,0.12726700694664664,0.12766560530051208  
1559,0.12725650221871598,0.12763879858912566  
1560,0.12725317815456855,0.12766412473641908  
1561,0.12725051589634107,0.12771798307314897  
1562,0.12726704797247793,0.12763936607501444  
1563,0.12725278108244967,0.12764311476777762  
1564,0.12725098585457448,0.12762186026726013  
1565,0.12726369486821582,0.127673799601885  
1566,0.12725088802521187,0.1276408347945947  
1567,0.12725682480408407,0.12771155551458016  
1568,0.12725069594886296,0.12764130752438155  
1569,0.12725274455364402,0.1278398691270596  
1570,0.12726887681371415,0.12770349914446855  
1571,0.12723251458857676,0.12767615016454306  
1572,0.12726167854293227,0.12777062562795785  
1573,0.12726250776778097,0.12767101012361357  
1574,0.1272860738398779,0.12770149990534171  
1575,0.12723998155663996,0.12779314701373762  
1576,0.12724886367769192,0.12762936214223886  
1577,0.1272639719688374,0.127666143175119  
1578,0.12725132160708116,0.12774840742349625  
1579,0.12724040284790955,0.12766849832274976  
1580,0.12724155402930495,0.1277922789255778  
1581,0.127261897410883,0.1276489797119911  
1582,0.12724483752494578,0.12767452928118217  
1583,0.12726421648507838,0.1276334048463748  
1584,0.12724513444296845,0.1276286254899624  
1585,0.1272401368374105,0.1276111789047718  
1586,0.1272414528843387,0.12765599003969094  
1587,0.12724684115947055,0.12764706720526403  
1588,0.12725468858352404,0.12773334378233323  
1589,0.12724855828010823,0.12764094024896622  
1590,0.12723928232632026,0.12761847359629777  
1591,0.12724949993059764,0.12762174879511198  
1592,0.1272518556860402,0.12769129786353844  
1593,0.12724154009995864,0.1276941438898062  
1594,0.12725253588022173,0.12772972920002082  
1595,0.1272639994845366,0.12767658716975114  
1596,0.1272551137429979,0.12761982482595322  
1597,0.1272432449871622,0.12772243068768427  
1598,0.12724894780637053,0.1278104174595613  
1599,0.12725026154762034,0.12769136405908144  
1600,0.1272527680868078,0.12760938331484795  
1601,0.12724965582113437,0.12762048362921447  
1602,0.1272417660183309,0.12792048058830774  
1603,0.12724182979606302,0.1280694468281208  
1604,0.12724801269181243,0.12767127672067055  
1605,0.12725563680805513,0.12761843624787453  
1606,0.12725148249007856,0.12779390897888404  
1607,0.12724023032218904,0.1276654085287681  
1608,0.12726550057644734,0.12763543264606061  
1609,0.12723656326456143,0.12773291766643524  
1610,0.12723252598358237,0.1276871950771564  
1611,0.1272430334173505,0.12763234504904503  
1612,0.12724924403840623,0.12763947592331812  
1613,0.12724129697474676,0.12762078107931676  
1614,0.12724250095808293,0.12779748802765822  
1615,0.12723741040129186,0.12769219260185194  
1616,0.1272501251314912,0.12762188682189354  
1617,0.1272561518318208,0.12786723558719343  
1618,0.12723536800850382,0.12770468225845924  
1619,0.12726455395255248,0.1276223863928746  
1620,0.12723227565550743,0.1276057411271792  
1621,0.1272323190060723,0.12812857969831198  
1622,0.12723961945080087,0.12794886156916618  
