1,0.07760770521564767,0.061813055055922474  
2,0.04594999653017895,0.05709812790155411  
3,0.039154027462109456,0.04458586311912889  
4,0.0355933292441148,0.04596300333224494  
5,0.033357827894986716,0.041704823689654544  
6,0.032483085710879815,0.037929214472914564  
7,0.031190150076659713,0.040878513029643467  
8,0.02925641503094173,0.04270201481034603  
9,0.028919951243890702,0.039309486104496597  
10,0.027565838613316986,0.038187178007781215  
11,0.026914931100368085,0.03811332179701387  
12,0.026623481936519155,0.03775756635469169  
13,0.026391990956581013,0.038315836459471675  
14,0.025476784766603016,0.045645371997004074  
15,0.025387237932312363,0.03759855508180381  
16,0.025884052388084475,0.035315443334981725  
