1,0.2275418938246489,0.14875606788790285  
2,0.14214486643073862,0.10997363998384899  
3,0.11261105880687373,0.09320956883318905  
4,0.0944136455655098,0.0822336220462334  
5,0.08228346666428431,0.07453137775653688  
6,0.073621300359567,0.06637279347979964  
7,0.06745992911033605,0.06767539610269621  
8,0.06280173489378593,0.06300497203698299  
9,0.05896903918389666,0.053971896838084815  
10,0.05576723143718421,0.0537020520770491  
11,0.05344101436839262,0.05303726049846616  
12,0.05185058369686466,0.05570279408631654  
13,0.049953289570556676,0.0537147495179928  
14,0.048732768633706826,0.05226424112548969  
15,0.04727319334788056,0.04846707498425333  
16,0.04638485332226046,0.046651534589346996  
17,0.04523521382199116,0.0481136109441372  
18,0.04436900510239768,0.04397544455645707  
19,0.04353548929641384,0.04970090282080796  
20,0.04292136590674286,0.04544253997835032  
21,0.042433354574504326,0.04664526876117208  
22,0.041049067340596185,0.042730269320492675  
23,0.03965206009321188,0.04174845990509235  
24,0.0384534307435337,0.04196389217682073  
25,0.037858970333248324,0.04401432047483369  
