1,0.030110737748515595,0.017686166603283343  
2,0.01357553412253606,0.006233992580361114  
3,0.010228046076290999,0.01015828979738387  
4,0.011668815219004428,0.013788301754614403  
5,0.007007732926453439,0.008058299950502923  
6,0.008270279501514415,0.010120859186123744  
7,0.008796872081069267,0.009650703464529196  
8,0.007905076450081526,0.005127815701746441  
9,0.006768553794473799,0.009805491964878708  
10,0.007559601356475297,0.009493222579433414  
11,0.006276861199683284,0.0084198733947694  
12,0.007082067850171012,0.00892147438811698  
13,0.0069897572573332884,0.006524810916170698  
14,0.0063882537842785084,0.006371029762762227  
15,0.005571424979375217,0.0031840463496946494  
16,0.007170866035090769,0.006408966155585103  
17,0.00599560451760472,0.005594778734860309  
18,0.0054195531803210885,0.0039191130959323325  
19,0.005614006077955244,0.006710089275182175  
20,0.006655284223499437,0.006717058203729062  
21,0.005771331398879515,0.003848404705001436  
22,0.005819467551775446,0.005272645299125628  
23,0.004834781551610086,0.0061796861700713634  
24,0.005758874771310371,0.005263067586943874  
25,0.004813696844519537,0.0041350447366316915  
26,0.005062981488761763,0.006087586458020022  
27,0.005171938792413936,0.0050096822044642395  
28,0.00529702668310668,0.005373821249736354  
29,0.005026931646093076,0.004391813297466985  
30,0.004753518411580857,0.004616615899237506  
31,0.004749064352022026,0.002862794780094415  
32,0.004753977855924276,0.005370141312094598  
33,0.005142746874363687,0.00408518495235427  
34,0.004663890395085953,0.004093245591674679  
35,0.004571192966527054,0.004007634734321992  
36,0.0045392323276401865,0.003892154399571674  
37,0.004393443698876165,0.0030716867656378176  
38,0.004637563724256077,0.0041508347970511525  
39,0.004382904070424628,0.002766419944165302  
40,0.004265969692904951,0.003831836157547209  
41,0.004286309132875832,0.004263738470766785  
42,0.004302007915780442,0.003421727934934823  
43,0.0041483646115681476,0.005440098194524719  
44,0.004276757406064327,0.0043671708554029465  
45,0.003954556222068858,0.003378209792160122  
46,0.004128852940000346,0.004050846426091685  
47,0.004159508674465653,0.005229606196798128  
48,0.004023034344175359,0.0046589130953211206  
49,0.004031463277105235,0.00262953015617806  
50,0.0040344679094265895,0.0046304624201959285  
51,0.003913617677447008,0.003661523217546382  
52,0.0040148339347253975,0.0032959636002595494  
53,0.003821477345166562,0.003757992398058032  
54,0.003946595572107464,0.003970333828081565  
55,0.0037746303426313098,0.00335719315977446  
56,0.0038241270007598124,0.005077505913182285  
57,0.003836052580842225,0.0039613718451390716  
58,0.003799201228637996,0.004944673512277785  
59,0.0034866520084999826,0.0035648440467331358  
60,0.0038634937122077346,0.004072339480440018  
61,0.0036696052131199165,0.004526538856951474  
62,0.0036384818303832754,0.003712429252127415  
63,0.0036896665001135273,0.0030668182057681783  
64,0.0035314415506352173,0.003970360477441197  
65,0.003461779987749954,0.003901435331822249  
66,0.0037716390519528073,0.004223602025636605  
67,0.003579922126895418,0.0038538095254561145  
68,0.0035649794905591127,0.002608272710383819  
69,0.0033754624788410455,0.0024649780450085993  
70,0.00359089532115352,0.0030244723721659685  
71,0.0034094884632850948,0.0045079880742714025  
72,0.0035543694544053696,0.004244937689910675  
73,0.0036043098456848797,0.003113769494877954  
74,0.0034038453878116443,0.0025558194416240225  
75,0.003264978679179833,0.002292237549634843  
76,0.0034500665505161512,0.003321764668394706  
77,0.003496666645296373,0.003041947289172725  
78,0.003158043852615549,0.003581145230056764  
79,0.0034931050845134165,0.002498543365936488  
80,0.0033524224961690124,0.0030277492478489876  
81,0.00323146168730932,0.00307902195169751  
82,0.0034771980106242223,0.0027187254573470855  
83,0.0033351368860814585,0.001772218963057904  
84,0.0032533872805545544,0.0035095773694642216  
85,0.003274383405743599,0.0029786599563719164  
86,0.0032074689368569464,0.003704490922299659  
87,0.003231042222181631,0.0020486787970870586  
88,0.0031249009813937843,0.0035766249504215614  
89,0.003085053822287337,0.0024222944188734582  
90,0.00326942379974856,0.003170945881200688  
91,0.0030887738098983653,0.002524942792768549  
92,0.003133321041160021,0.0020552101525537704  
93,0.003217204160018,0.0028585386256058816  
94,0.00310155349404894,0.004192199856226373  
95,0.0031255124409863464,0.003281973663653279  
96,0.0030161167304381,0.0032498318807501806  
97,0.0031821432490516163,0.0026219056224166025  
98,0.0030587132697937973,0.00407132014902905  
99,0.0030913170903309997,0.002870357646996825  
100,0.0031106881084193654,0.003306843002046931  
101,0.0031149449029264495,0.0030394399600571454  
102,0.0030705876582193255,0.0026486341731411776  
103,0.0030444619893120767,0.0026043693012021154  
104,0.002994240285181822,0.0024788382330111097  
105,0.0029088990075308925,0.0025361038519647614  
106,0.00289667671404935,0.0027772159226183675  
107,0.0029376407800385334,0.002186724219902469  
108,0.0029994795085898037,0.003484344741861735  
109,0.002987137767705696,0.0034208277864335793  
110,0.0029551737515554873,0.002920476639450624  
111,0.002966354526522493,0.0031853161437959947  
112,0.0028650534126328964,0.002799548518389757  
113,0.0028648866376275585,0.0024209246773437914  
114,0.0027712938862561815,0.0026458184822035834  
115,0.002992021377453577,0.003253499439371557  
116,0.002941551324903289,0.0019247840093265247  
117,0.0027843936014088294,0.0023124049913156503  
118,0.0027986865220055064,0.003673601757936877  
119,0.0029014315717019803,0.0028774481154335983  
120,0.0027111930635320526,0.0030185511906911148  
121,0.002800589619345807,0.0025915530501071163  
122,0.002791005445166408,0.003387899861758199  
123,0.0030030236722914465,0.0026531667446286367  
124,0.0026862101849204297,0.0033362418105779904  
125,0.002774840023939093,0.003170747945332909  
126,0.002827545358347552,0.0029767018839203076  
127,0.0027195431333096993,0.002668821855030697  
128,0.0027246411132380807,0.002264821584212589  
129,0.0027449122720672693,0.0026978771959252548  
130,0.00253702070337296,0.0014717727331811645  
131,0.0027877491793999966,0.002659151662058504  
132,0.0025917226336912673,0.0030030892287917763  
133,0.0027076644631164443,0.00198564032124805  
134,0.0027286072995474668,0.002003371575044404  
135,0.0025585444215815156,0.0022546015450446476  
136,0.002598999918805822,0.0025550555793357453  
137,0.002619639935214105,0.0025944365578442078  
138,0.0026902799839137632,0.002774842381660868  
139,0.0026863487451589205,0.0018732609706724366  
140,0.002664188600233049,0.002309639528714891  
141,0.002618672980408446,0.0028324413108708237  
142,0.00261918752231549,0.003492947178089927  
143,0.0024773760426084123,0.002183935093450282  
144,0.002650653992382969,0.0023920515063562855  
145,0.0025565070451609466,0.0025124156175484066  
146,0.0025173246350145883,0.002342484429194202  
147,0.002522225677601369,0.0030968901081919083  
148,0.0026112674771244094,0.0030155716924996946  
149,0.002550505160599505,0.00204583223945842  
150,0.0024849406775106623,0.002544894817932119  
151,0.0025001682666574085,0.0027069357531191093  
152,0.002595461904596258,0.0028386176150897746  
153,0.002468100618522283,0.002021338930582912  
154,0.0025638650495715012,0.001601370987413552  
155,0.002533979143623919,0.0022742438171370863  
156,0.0025067719182708214,0.0022974076745068206  
157,0.002509774855154373,0.0019603984234304044  
158,0.0024739978668388844,0.0015188488648204233  
159,0.0025178238832396674,0.0025561976950762453  
160,0.002471352462741314,0.0025998696861467487  
161,0.002426828376592883,0.00253842402309216  
162,0.0024578888345116435,0.0020639975733018202  
163,0.002545089769928048,0.00197820974229445  
164,0.0025042495942214603,0.0027129403877489524  
165,0.0025412301448812583,0.002520101398385584  
166,0.0024318347437580295,0.0025355268219311544  
167,0.002544260189671843,0.0033719000289574486  
168,0.0023961642332030477,0.0032493403018566923  
169,0.0024251844790840545,0.0023838993806502063  
170,0.002396337348068975,0.0029268705864147894  
171,0.002462697735894959,0.002935487367533918  
172,0.0024753764140083216,0.0022822368380801725  
173,0.0023636872824086413,0.0018699999291936092  
174,0.0025280751192448157,0.0021434758165897114  
175,0.0023837411637218056,0.0025095283558472918  
176,0.002394741054877873,0.002739386264867897  
177,0.0025254783885355187,0.0026175934004739588  
178,0.0024805202130163267,0.0029105873815164778  
179,0.0024486163886667054,0.0024525118760048903  
180,0.0023551737212285035,0.002513431493202087  
181,0.002359056786591769,0.0029087407844774244  
182,0.002419223367719282,0.0014814589467367588  
183,0.002416759493507211,0.002501915095447393  
184,0.002383157798620575,0.0021987912219861897  
185,0.0024275315588626225,0.0027636943770379856  
186,0.002371035612157398,0.0022627548096710677  
187,0.0023103970869722246,0.0014563704768581123  
188,0.0024100033764241436,0.0026017073060161083  
189,0.002376244906872433,0.002052907161575196  
190,0.0023545360419798453,0.0021619259212349584  
191,0.0023698809324645066,0.0019588305424495136  
192,0.0024056262354956483,0.001982158481767355  
193,0.0023189046941079964,0.00241080412453068  
194,0.0023027548950854656,0.0026841796854318216  
195,0.0024104974936388344,0.002022117876970746  
196,0.002330216732937485,0.002943188713615751  
197,0.0023161535920090907,0.0019944026771464883  
198,0.0023025998526316196,0.0021441923500281836  
199,0.0023813586949044106,0.0020281731947026965  
200,0.002311698188086936,0.0023411799238288195  
201,0.002350105445695485,0.0025433540215779996  
202,0.00231627332567551,0.003030895250918243  
203,0.0023050546371028557,0.0021048711252678646  
204,0.002305934517107982,0.0019523546465539507  
205,0.002267799009837171,0.0023419326928265285  
206,0.0023863238140690362,0.002334653596012977  
207,0.0023160249299173084,0.0021328209013921286  
208,0.0022371711811200305,0.002609856212236391  
209,0.0023524933500722518,0.0018700838709488658  
210,0.0023433154084789606,0.0018817364482502706  
211,0.0022699865347983717,0.002598003894916456  
212,0.002284628344800512,0.0038608047925394596  
213,0.00230015210366855,0.0022414978731221755  
214,0.0022682244936166815,0.002290937324683067  
215,0.00227670895340438,0.0023839081892183998  
216,0.0022619057897345063,0.0020498717404452377  
217,0.002144866481579411,0.0020544498257357353  
218,0.002353330268150758,0.0025076623868399064  
219,0.0023050443901165177,0.0018128199655369952  
220,0.0022545272263374836,0.0025689961157023466  
221,0.0022643449164465408,0.00191729399949092  
222,0.0022596214183997917,0.0024313355963493655  
223,0.0022815053012339077,0.0020238273298789937  
224,0.002214821410263006,0.002247246638344133  
225,0.002266613669639834,0.002293006092621922  
226,0.002194702136249039,0.0017025121717066894  
227,0.0022846837682457704,0.0020013957845248977  
228,0.0022061187702834112,0.0021880847846933184  
229,0.0022506762926188827,0.0018720722486599913  
230,0.0022833925735060755,0.0025780051269940116  
231,0.002212395249129668,0.002012721839787558  
232,0.0022612972273190635,0.0027954876044388914  
233,0.0022303555390340833,0.0017741227446793776  
234,0.002180408644343663,0.002414323124584967  
235,0.0022174677891611248,0.001775196551005792  
236,0.002297037936516275,0.0021916058504027245  
237,0.002272233087813277,0.0025672524561876145  
238,0.0022088108839463916,0.0018226896238334367  
239,0.0021930397228121655,0.002378832795450767  
240,0.002154893357425369,0.0021456702259080164  
241,0.0023127718573439393,0.0021249250201462525  
242,0.0021737412204982202,0.0024735290703955543  
243,0.0021877838995544986,0.001681711270102286  
244,0.00223587238535376,0.0024385739535350225  
245,0.002188123115314005,0.0021812244148677207  
246,0.0021902893612609875,0.002401674880870971  
247,0.0021852308562851103,0.0019662186137533615  
248,0.002150394398325739,0.0021763005147096264  
249,0.002167463236582672,0.0026080265430173852  
250,0.002289505997456506,0.0028075886296172596  
251,0.002165404559002562,0.002399768850082541  
252,0.0022856522214161736,0.0016946519829397057  
253,0.0021864497112955438,0.002585911983394711  
254,0.00218138477950313,0.002624326964766888  
255,0.0021776991856104024,0.0022669700146400427  
256,0.0022163403006741876,0.0028576697498156225  
257,0.0021599248662366685,0.0016903576579890007  
258,0.0021374892251627814,0.0017979384900020262  
259,0.0021275236242065568,0.0015679532799667913  
260,0.0021889752973103488,0.0020779419674313276  
261,0.0022291379857216726,0.0017532669088064596  
262,0.002138069310318191,0.002686943311767258  
263,0.002155535014502275,0.0023118843785555933  
264,0.0021547821025733054,0.001540873986508312  
265,0.002135038127379905,0.001392153453017617  
266,0.0021704421965827933,0.0018302882956157398  
267,0.0020638030427906264,0.002534472117466586  
268,0.002162555898629116,0.002193244913904905  
269,0.0021692052663159255,0.0022094008980750156  
270,0.002136038273961379,0.0026178047556448454  
271,0.0021475067221596966,0.0023268188391192793  
272,0.002067795811614337,0.0013601451485963732  
273,0.0021062034743400794,0.002450628718820038  
274,0.002152068691814146,0.0023545601503840957  
275,0.0020557199486971787,0.0015997159887756694  
276,0.0022050520997611484,0.0018814240354044463  
277,0.0020648844816021452,0.002657681288371973  
278,0.0021167000429379718,0.0020589140287412358  
279,0.002121753955908432,0.0016860472155377049  
280,0.0020790753756482383,0.0018368616190927076  
281,0.0021066255150297836,0.001890879811425441  
282,0.002096042534568872,0.0014691248724209558  
283,0.00206987382592162,0.0016813845697129742  
284,0.002135241600436144,0.0016318845988154925  
285,0.0022166018190600276,0.001758484386040696  
286,0.0020782497567636646,0.001917786226410584  
287,0.0020976929905471664,0.0022991965616608193  
288,0.00219575449327384,0.0021230826129118355  
289,0.0021569452573176324,0.00240190750276991  
290,0.002108631402629559,0.0019050862375197225  
291,0.002080607019835371,0.002394537147813536  
292,0.002155034723415334,0.0018043477665128306  
293,0.0020966516932826914,0.002109813294029368  
294,0.0020282861811594865,0.0024319558789760902  
295,0.0020861551738514793,0.0019422407145038467  
296,0.002067993593525733,0.002441370325263938  
297,0.002022710154308445,0.0027448093963630973  
298,0.0021057881158492147,0.001300638618998303  
299,0.002053552155828276,0.0020478645722689153  
300,0.0020874313935783755,0.0021711739085229307  
301,0.0020950265441262157,0.0021930468977506964  
302,0.0020811892773656996,0.0016833444698277878  
303,0.0020686744472148454,0.0016705285765808717  
304,0.002078473111443924,0.002022700841318394  
305,0.001981592365950151,0.0018078179053934705  
306,0.0020541098163045462,0.0019403978530776324  
307,0.0021054573640727926,0.002429837970008037  
308,0.0020015901415795737,0.001900497092200177  
309,0.002024720677086859,0.0024661815511934425  
310,0.0020979054706548234,0.0020740892591294396  
311,0.00202432501452437,0.001693055573896748  
312,0.0020526941196446877,0.0019691544063068158  
313,0.00201681793186274,0.0018041313682072636  
314,0.002091117756665533,0.0023073282682341454  
315,0.0019990754916973047,0.0020545187011691444  
316,0.0020653205425161577,0.0019936241591441  
317,0.0019928151595342844,0.0021708058308020895  
318,0.0021058464633913654,0.0018827514361654375  
319,0.0020274779099863785,0.0017796442947199044  
320,0.001976291673423732,0.002491230887172771  
321,0.002020808888223822,0.0020995691586102316  
322,0.002052753680303569,0.0014794423288477612  
323,0.0019906106015690076,0.0018275225915822197  
324,0.002076519630243108,0.0016318053561102215  
325,0.001980304912855787,0.0017274100513523215  
326,0.0020138189893656364,0.0019091656792844679  
327,0.002032417449474426,0.0019045822612546715  
328,0.00201259709587467,0.0019359968641653584  
329,0.0020060505594872912,0.0017157715551435874  
330,0.0020059657437128727,0.0017790118894158986  
331,0.0020088215527591176,0.0028626491829496004  
332,0.0020190406968389647,0.0018304972335916434  
333,0.0019994900552929747,0.0016390723853000426  
334,0.0020620502313325934,0.002628216917943118  
335,0.0019313237310044247,0.001502799732711515  
336,0.002076420725573563,0.0020647335326152262  
337,0.0020072888572786464,0.0024882770496709593  
338,0.0020258333621364587,0.0016731776118168397  
339,0.0019794090162965927,0.0017765388626770433  
340,0.00199020347991929,0.0015618138363942724  
341,0.0020093887059601514,0.0011472094177814394  
342,0.0019306796003558898,0.0022204653646686833  
343,0.002062203915404517,0.002606782792686609  
344,0.0019513437888921477,0.0019964108747095237  
345,0.0020667037879479287,0.0017925663914283728  
346,0.00202222241748638,0.0022190680791591777  
347,0.0020196725651751846,0.0024485868789494184  
348,0.002012226610512751,0.001410242527370052  
349,0.0019306888621801065,0.00181105258023559  
350,0.001956254127232218,0.0025066657879577923  
351,0.002026159908333192,0.002141820514010348  
352,0.0019092232879392647,0.002014171300006324  
353,0.0020379494543692803,0.0028746469345475945  
354,0.001973915986052794,0.002998290809440275  
355,0.0019444565264951847,0.001560156733105005  
356,0.0020255344828637887,0.003215967079973206  
357,0.0019914958801569116,0.001620646231816944  
358,0.0019289028292837152,0.0013757146209056302  
359,0.002002497501492526,0.0029563075952286936  
360,0.0019332178771645351,0.0012485890195067294  
361,0.0019806294171115218,0.0016710770923157997  
362,0.0019415018136936515,0.0019597142368206395  
363,0.0019864124402584247,0.0020613918078632044  
364,0.0019445127295980304,0.002050216992734358  
365,0.0019275220645344564,0.0021112968713925978  
366,0.0018836819045863278,0.0021220748438935707  
367,0.0020150584396280437,0.0014856763693315935  
368,0.0019544778234466755,0.002099883362990368  
369,0.001958384727132726,0.0015870542993787402  
370,0.001923361936800286,0.0015908649106386114  
371,0.0019468335431950072,0.0019320163220910382  
372,0.0019158485945294664,0.001720447750450135  
373,0.001932662117935353,0.0020371179493245085  
374,0.0019686522822092447,0.0018095194638518644  
375,0.0019147968916043666,0.0024600835801492182  
376,0.0019527203476553813,0.0017075499191678363  
377,0.0019250804701426683,0.0023100611563368237  
378,0.0019413816730815261,0.0017854591069990779  
379,0.0019488764562510786,0.0014282051953280648  
380,0.0019367664934982778,0.001887605036379485  
381,0.0018984390031400074,0.002345279893686472  
382,0.0019024312762335514,0.0015277000702688186  
383,0.001938285793496351,0.0016423556523562726  
384,0.001953716611084943,0.0013965777387576444  
385,0.0019403865874174455,0.001784907831131421  
386,0.001959993485093156,0.0017843383692406815  
387,0.001937862019579578,0.0022760080632391235  
388,0.001893354427328668,0.002563776259122444  
389,0.002010064507366514,0.002082370152224424  
390,0.001916332790741037,0.0024029721547230124  
391,0.0018774929812363306,0.0018801071240653838  
392,0.001951928290515735,0.001812469525024148  
393,0.0018941631254595405,0.002326542560901181  
394,0.0019219276788043115,0.002927099275425664  
395,0.001881554393348874,0.0018056684530344722  
396,0.0019483592811838624,0.0017084529218516253  
397,0.001986072825476768,0.0020054099568638383  
398,0.001921411952427239,0.0019262712064607463  
399,0.0018915983553273671,0.0021070847970208733  
400,0.0018817521455977274,0.0015781047740226308  
401,0.0019219202957771082,0.0015982546455919596  
402,0.0018901622389527737,0.001789372008904044  
403,0.0017862234628892603,0.001764921148610416  
404,0.0019342061178921274,0.002727542924717656  
405,0.0019525143253473958,0.0013093784081020159  
406,0.0018635794179462039,0.0026333085628308978  
407,0.0018094403878094899,0.0016754303411970586  
408,0.0019131428928823124,0.001446546211935066  
409,0.0018043087483107408,0.0019580622925079003  
410,0.0018835006448128188,0.0017146979592823116  
411,0.001855852116808705,0.001559118568791728  
412,0.0019474562749601445,0.0021241342401122814  
413,0.001803332998764329,0.001922022437750192  
414,0.0018519617298765865,0.00232457866883043  
415,0.0018053648460666157,0.0018203984791174384  
416,0.0018678754687969155,0.0018805343551065755  
417,0.0018700169802466195,0.001982335900438243  
418,0.0019070211895270172,0.002010555964266065  
419,0.0018910857880110959,0.0015276229247597637  
420,0.0018423385557517031,0.0025002808342206068  
421,0.0018526067527378364,0.0028983392956863922  
422,0.001894772361377238,0.0020278745188648476  
423,0.0018628050920993975,0.0015680374075277832  
424,0.001829838446044017,0.0016272711324427514  
425,0.001881215409708923,0.0018161461193096167  
426,0.0018900158711673324,0.0020625620938176884  
427,0.0018018850564825012,0.0011758990620212456  
428,0.0018577580806477415,0.002409065827002446  
429,0.001861336857590818,0.0013887147204675184  
430,0.0017407330462707443,0.00210237657431091  
431,0.0019106188775600953,0.0018259273690579853  
432,0.0018688584780474932,0.0014217267755712636  
433,0.0018498060463344188,0.001880347740198738  
434,0.001844976227677689,0.0017340310185165902  
435,0.0019016463563892906,0.002236024291928986  
436,0.0018548619354194125,0.0016028947389588274  
437,0.0018287291339912288,0.0016260925087426316  
438,0.001854368553063743,0.0017064047674533768  
439,0.0018526251006458624,0.001723219712237309  
440,0.0018764138753025307,0.0017510061043319223  
441,0.0018326425549036207,0.0021077280192007427  
442,0.0018154319648404993,0.0012483238397404698  
443,0.0018031059733444068,0.0019493564393307115  
444,0.0018478650533688462,0.0015340775671171879  
445,0.001775400962474972,0.0019838425343434137  
446,0.0018472721083837367,0.002007675924902699  
447,0.0018647858464844967,0.0015955288714403517  
448,0.0017727364759151068,0.0017288843395757338  
449,0.001717590568542487,0.0017574631885437322  
450,0.0018248727611578142,0.0013817923133183508  
451,0.0019070076216564857,0.0011042266145917436  
452,0.0017425685960077804,0.001972144080803092  
453,0.001839786539090729,0.001712080152026318  
454,0.0018093640338848905,0.0016600935532954599  
455,0.0017682904582576302,0.0018264771200569687  
456,0.0018053795172415193,0.001861091320095538  
457,0.0018704337858022832,0.0017496500481975269  
458,0.0017301931017912262,0.0010890357025435625  
459,0.0017425231611190354,0.0019252462291934073  
460,0.001900514729571306,0.0013267940496383556  
461,0.0017640314456628047,0.0014336625471931372  
462,0.0017755983699475582,0.0017731135758098783  
463,0.00178279022998656,0.003037812668839332  
464,0.0018194278004866932,0.001481691816376678  
465,0.0018073619399414792,0.0015900958698756736  
466,0.0017460787776096953,0.0015327428075315183  
467,0.0018325151696217687,0.0019418068248503314  
468,0.0018225288228660068,0.0015838746442528341  
469,0.0017581159444192641,0.0016655675525515537  
470,0.0017367873084243796,0.0016584673012134256  
471,0.0017596106939903587,0.0017896890192948686  
472,0.001744136335547643,0.0009913167605415133  
473,0.0017717675515978774,0.0017402831234469129  
474,0.001829679629437944,0.002109848503069264  
475,0.0017013344254440596,0.0015432083792296315  
476,0.0018169638130084058,0.0015796068499525412  
477,0.0017689065507939816,0.0022774023724160173  
478,0.0017122168606512873,0.0019143757271566635  
479,0.0017547409110507534,0.0010206672833805784  
480,0.0017557816713419376,0.0017029420820207065  
481,0.0017279019349914558,0.001409925582928794  
482,0.0017736562038893709,0.001869925630985406  
483,0.0017566123316397674,0.0019072481835939981  
484,0.0017712065645487066,0.0015684064848146635  
485,0.0017288525884013694,0.0013698592152345578  
486,0.0016354770414055005,0.0016285031179443295  
487,0.001754106943784883,0.0022696046906482115  
488,0.0017681403506553714,0.0020457298805698606  
489,0.0017426088324343269,0.0021275987073301975  
490,0.0017528658063129814,0.0018626857672822592  
491,0.0017417872783339486,0.0014541786108991782  
492,0.0017347766228067326,0.0017155638977362237  
493,0.0017162835857112539,0.0017781667835698486  
494,0.0016499269937764833,0.0017163003175496468  
495,0.0017165069191604463,0.0027493453857585274  
496,0.0017767232614382452,0.0016023302301672732  
497,0.0016642768737692613,0.00175803450275708  
498,0.0017016497359368917,0.0014111976606055654  
499,0.001748823684910036,0.001556616299441589  
500,0.0016790376725219788,0.0019759343755821434  
501,0.0017160278419723464,0.0019280347649668678  
502,0.0016705547876933989,0.0013856796640673368  
503,0.001686944568775152,0.002258035415104531  
504,0.0017805902447257302,0.0011297440869742867  
505,0.0016490576760745876,0.0023042870481301265  
506,0.0017292457488471118,0.0026788452635588024  
507,0.0017258387229025013,0.001758411393060436  
508,0.0017341257919789817,0.0018723626699060055  
509,0.001720055416945602,0.0023742292725522384  
510,0.0017661560867444968,0.0014692365330657715  
511,0.001627298433619696,0.0020920640050337233  
512,0.00166346622095809,0.0020742737974861424  
513,0.0017152036591814945,0.002711409052576998  
514,0.001656412147595035,0.0011483050964249692  
515,0.0017418105022763966,0.0014108019792635378  
516,0.0017010100354703816,0.0013560644256896133  
517,0.0017244650578625291,0.0015398044600220297  
518,0.0016505127402110249,0.0017532323598357037  
519,0.0017659395220437548,0.0010566158561962726  
520,0.0016501528274123257,0.00265688150593543  
521,0.001734187276436611,0.0020153417385050227  
522,0.0017562322383567718,0.002023041125597992  
523,0.0016750517521901982,0.001695812048431798  
524,0.0016921993153434683,0.00137465921909608  
525,0.0015963131037092138,0.0012967749407028623  
526,0.0017299999530267873,0.0015284050613861952  
527,0.0017163302979178493,0.0016254877684215828  
528,0.0017183289886939861,0.0019861656267498736  
529,0.0016843853804833836,0.0016243123854258158  
530,0.0016363277136596866,0.0016902278371274545  
531,0.0016760604589548527,0.0018367699532095215  
532,0.0016423007064981687,0.0013907977122941922  
533,0.001732206666097695,0.002555851530962683  
534,0.0016811845141883946,0.0011934999501552854  
535,0.001664537527878,0.0014774675883600498  
536,0.0016579299504473728,0.0016422640306306222  
537,0.0016440590221863923,0.0016567437133059052  
538,0.0017165842193404756,0.0015180906552702115  
539,0.0017323582363071126,0.0015333111964514836  
540,0.0016898474848851964,0.0018560814085127465  
541,0.0015698925501189112,0.0015185205328961825  
542,0.0017134355438830913,0.002766028606319075  
543,0.0017209186637814743,0.0017332768697392543  
544,0.0016402781064935796,0.0023560319600507544  
545,0.0017708445588138157,0.0018001460307392435  
546,0.0015837100774730778,0.002370441112245245  
547,0.0017572449077120666,0.00126267690785009  
548,0.0016997744393068485,0.001233898904381017  
549,0.0016476391230743983,0.0018709589494392276  
550,0.0016294640460885398,0.001253032380728776  
551,0.0017106871954230413,0.001738668956766318  
552,0.0016708885596652253,0.002300472029718786  
553,0.001737506253592813,0.0016085336522745162  
554,0.001687115170350087,0.0019394673276325605  
555,0.0016936178679373213,0.002034529407045304  
556,0.0016882863154969654,0.0016970293799396879  
557,0.0016289449325944728,0.001154716815363634  
558,0.001719260918233303,0.0012777230227503725  
559,0.0016621464781542787,0.0018473864054729418  
560,0.0016420709497878818,0.0025418922752417222  
561,0.0016982269664961409,0.0022034734439361713  
562,0.0016573909002707305,0.0025168154858915236  
563,0.001680704801287307,0.0015713848492470133  
564,0.0015963772942643633,0.0011008725119662915  
565,0.0016536343714545756,0.0014503798080525668  
566,0.0016963094189262464,0.0015889785362618604  
567,0.0016655405190160553,0.0016824651057625493  
568,0.0016104011133274171,0.002391706232275135  
569,0.0017225260010889584,0.0014998600743665116  
570,0.0016358102326213104,0.0015754784913871236  
571,0.001651445038500445,0.0012784078906478333  
572,0.0016327870746198423,0.001717476240758385  
573,0.0016635740369868774,0.0019907223948465633  
574,0.0016337993667935578,0.001534370898172773  
575,0.0016470573649312618,0.002099364491298868  
576,0.0016906385689512233,0.0017724973401926421  
577,0.0016747932615169823,0.001654432794042482  
578,0.001613819753681269,0.0018409284381104146  
579,0.0016672669823141687,0.0018475512002498425  
580,0.0016284424038140678,0.001935502612307264  
581,0.0015813873257540024,0.001591173278768845  
582,0.0016266791886255067,0.002427937031673093  
583,0.0016392767910860205,0.0015286554002060825  
584,0.0016312946407587624,0.0010808649326082814  
585,0.001630441024598794,0.0011092328163680477  
586,0.0017001070086251015,0.0015270074805373262  
587,0.0015947496696061619,0.001098242096300122  
588,0.0016453705794490015,0.0017142267851847147  
589,0.001634434841465153,0.001401594600851276  
590,0.0016744168110380362,0.0019225871220249408  
591,0.0016406107927350747,0.0016693208920608822  
592,0.0016204880457655908,0.0013988796298121436  
593,0.0016871718276352224,0.0018194956060388846  
594,0.0016481915232237838,0.001451565888641503  
595,0.0016324633224924171,0.002228186228381369  
596,0.0015845319299258123,0.0012658671854440069  
597,0.0017152617863878399,0.002024497843709926  
598,0.0016015474294453704,0.0017208489681149058  
599,0.0015600744687080917,0.0018598271454707375  
600,0.0016485560773977486,0.0020151372134153333  
601,0.0016287198474299143,0.002242313674995171  
602,0.0015783494229291942,0.001619770244942987  
603,0.001624679666587085,0.001214306144929248  
604,0.0016444514754039754,0.0015610703731671416  
605,0.0016821330074134752,0.0016900054603503109  
606,0.0015758094128934799,0.0017807779941487636  
607,0.0016646773539553438,0.0011565703026987062  
608,0.0015898278337800923,0.0011849150702751843  
609,0.0016253296014435109,0.0014254383988256379  
610,0.0016367779439233933,0.0022346285674170467  
611,0.0016688407578767256,0.0017903699829779896  
612,0.0016653159717390442,0.001099914523401284  
613,0.001602952291861495,0.0019173514559002493  
614,0.0015335851174211991,0.001842304994237467  
615,0.001653524984936368,0.001289827543829242  
616,0.0016246181086841873,0.0013452826040278516  
617,0.001583185196747714,0.001977485514548722  
618,0.001727235089641318,0.0015537117893481857  
619,0.001596927917200786,0.0014457375532603396  
620,0.0016417478618169785,0.0010359598400548394  
621,0.001520338827454815,0.0015067159584746352  
622,0.0016460012454364,0.0016335239771551686  
623,0.0015820858232720868,0.0017005376732252134  
624,0.001582500669474585,0.001868180408752684  
625,0.0017043161595014312,0.0014967800524049058  
626,0.001712902305533144,0.002268305277736316  
627,0.0015432856015797647,0.0013023219725089561  
628,0.0016454148843167691,0.001453179680843255  
629,0.0015927082627368067,0.0017294167475591373  
630,0.0015973903778794159,0.0017542195009764999  
631,0.0016440641258706715,0.0018227736940469794  
632,0.001580213259354585,0.0012714884202615381  
633,0.0015460837055013936,0.0015246073389655263  
634,0.001609848051865863,0.002015243189780987  
635,0.0016110700855428194,0.001717346859751774  
636,0.0016339063002601148,0.0013996858007545249  
637,0.001621849555359669,0.002199151771133903  
638,0.001617433285270777,0.0012406027128029926  
639,0.00162396467618732,0.0016311762786786913  
640,0.0016151019801746527,0.0015961554502435212  
641,0.0015981893577689328,0.0017445128315857845  
642,0.0015950525265039119,0.0017792519125766281  
643,0.0016629972779980322,0.001902157667877492  
644,0.001696462354933222,0.0019951081906991273  
645,0.0015422512084752788,0.0020130096717962415  
646,0.0016548921925830045,0.0017636246730348673  
647,0.0015839842876685982,0.0016257874266212356  
648,0.0017192208188436405,0.0022527886545423217  
649,0.0015827965569953852,0.0022258256915314444  
650,0.0016900246984643916,0.0011074109991617831  
651,0.0016202612274755475,0.001307869265819418  
652,0.0016339838989956686,0.0017628623734645802  
653,0.0015860267423774338,0.0014415756751108787  
654,0.0015421443987380953,0.0017107548794291657  
655,0.0016646685276219513,0.0013583382870313789  
656,0.0015633761921180754,0.0015813695384978587  
657,0.0015910754499779802,0.0027219650640698343  
658,0.0015848534355219616,0.0015487539320450112  
659,0.0016126714112077811,0.0014557491711528945  
660,0.0015672829623226837,0.0017466944673332602  
661,0.0015906800845488385,0.0012059657991602283  
662,0.001568178103909215,0.0016295369490843467  
663,0.0015877347618721777,0.0015312885507721033  
664,0.0016105091292736159,0.0009945251894633062  
665,0.001658990177696483,0.001548093947779222  
666,0.0016317364586440823,0.0016624150560306285  
667,0.0015743064329826174,0.0019583718322465204  
668,0.0015899255052192647,0.001302549514570847  
669,0.0016535247053770612,0.0017518442309934078  
670,0.0015893277532768877,0.002117274904834666  
671,0.0016793509628127993,0.0017537144133178838  
672,0.001519070163448008,0.0013385416419139783  
673,0.001554193365957302,0.0014499497302839983  
674,0.0016468497249988569,0.0015199674302574448  
675,0.0015703289337654519,0.0015991606079776004  
676,0.0016088675546872691,0.0013005636853803627  
677,0.0016055224147620392,0.0013560037302963546  
678,0.0016208040826859677,0.0016061370983591367  
679,0.001575409608038165,0.002013110821227098  
680,0.001569626727210517,0.0014238931970404728  
681,0.0016545196197704326,0.0015969639517862367  
682,0.0015650407883930255,0.0013846106904104646  
683,0.0016254740974412383,0.0021326500323734115  
684,0.001597714538476308,0.002356977122858754  
685,0.0016009827981699732,0.0016117941793467245  
686,0.0015515808650352595,0.0014602634849329593  
687,0.0016571119171485994,0.001211472224957984  
688,0.001617538807633289,0.0014982710654383956  
689,0.0015590927103635113,0.0017807742470664343  
690,0.0015708458396349342,0.0017824998645001812  
691,0.0015425242443591759,0.0018155979964047156  
692,0.0015415529624793036,0.0019125449631748528  
693,0.0015650865475380594,0.0016276157418669665  
694,0.0015839396785565995,0.0013039582414699378  
695,0.0016346803450238538,0.0012898416490078413  
696,0.0015011792979121898,0.0017074146984704757  
697,0.001657421609941857,0.001460632920641397  
698,0.0015445899999095858,0.0010426733786185166  
699,0.0016307270460734452,0.0019076497052002497  
700,0.0015786844987323082,0.001767180100762345  
701,0.0015760685757483578,0.0011072057583759278  
702,0.001557344132827117,0.001880324359643709  
703,0.0016165200114391588,0.0023880944796035  
704,0.0015678028860511373,0.001731328285423112  
705,0.0015895330052730183,0.0010471604001740444  
706,0.0015708562124839107,0.001491942973990966  
707,0.0014829138462695035,0.0014403450246579174  
708,0.0015872932770809591,0.0014192309859094067  
709,0.0016112566173253793,0.001525524349337251  
710,0.001644697513904286,0.0017210358611578719  
711,0.0016163278399132855,0.0012369566405503987  
712,0.0015270110478959522,0.0013940598726217529  
713,0.0016148818935548812,0.0015231038178798967  
714,0.0015499955733968222,0.0017870415548055336  
715,0.0015602065034919332,0.0013106497826990602  
716,0.0015506499210644,0.0014615795951281568  
717,0.0016582175732929956,0.0018636035667548847  
718,0.00157189590725999,0.0014370434087118491  
719,0.0015480968976039017,0.0014494274997524  
720,0.0015665048970653957,0.0015786579750441565  
721,0.001526906008362432,0.0014957940381414858  
722,0.0015646410307742942,0.0016444146574653795  
723,0.0015872937773824076,0.0012017687291751061  
724,0.0015749221968437736,0.0015361011527212603  
725,0.0015676258672085667,0.0020705919215006047  
726,0.001504121686028801,0.0018024192268505986  
727,0.0015721877828203013,0.0020404383041230695  
728,0.0015917968754225896,0.001155323695318012  
729,0.0015863457725734415,0.0015585792619101887  
730,0.0015516648635659918,0.0011347108749957214  
731,0.001586455440987389,0.002124639928772165  
732,0.0015960545421303306,0.0013794229168610033  
733,0.0015863700311494436,0.001598655580533806  
734,0.0015656214415048612,0.0010114480578455286  
735,0.0015244763189102694,0.0020043122871168727  
736,0.0015947657585896578,0.001625047323381152  
737,0.0015348319620882237,0.001624180411167553  
738,0.0015047124214592287,0.0010853959264674137  
739,0.001544577258628473,0.0013416003128467816  
740,0.0015490757511525592,0.0012440250210436475  
741,0.0016038700373214303,0.0008315963090255196  
742,0.0015389300155677682,0.0018734211151446836  
743,0.0016787240539115071,0.0017474375497733283  
744,0.0015382785553252406,0.0023700809954972984  
745,0.0015311786441910967,0.0014061833286813914  
746,0.0014851661743376775,0.0009807341154595937  
747,0.0015872849547060412,0.0013065918565502968  
748,0.0014831461955063423,0.0010413483382785335  
749,0.0015628033178049037,0.001614910056080504  
750,0.0014473993385439806,0.0010636051063852505  
751,0.0015348711156287925,0.0014236126751111353  
752,0.0016117554601285133,0.0021992883234390336  
753,0.001555871025230053,0.001853563278578589  
754,0.0016110637719924993,0.0015676757326496425  
755,0.0015035763735002001,0.0025335995095043347  
756,0.0015347872998477668,0.0012215886774284792  
757,0.0016287321523059464,0.0020924048220711242  
758,0.0014892023300140914,0.0021182064476234865  
759,0.0015531451976492376,0.0012531360798272227  
760,0.0016237878561447363,0.0016014045173201362  
761,0.0015484841503276055,0.001419869628321985  
762,0.0015462160219778072,0.0015784042372409565  
763,0.0015374572334460018,0.0024220830212654592  
764,0.001542897916514342,0.0018043203343605172  
765,0.0014141248942378837,0.0017872636196125536  
766,0.001550751767404878,0.0011760818357969373  
767,0.00156636726967324,0.0015237475808462118  
768,0.0015061110933433184,0.000980427070908487  
769,0.0015078545509419855,0.0015660388299993473  
770,0.0014712038961114007,0.001997673521598278  
