1,0.13943849831092647,0.08011908366762359  
2,0.06805546175467843,0.06533074569819596  
3,0.055213408031945445,0.05829549011925758  
4,0.04876486104280276,0.05632242288789138  
5,0.04543680447163482,0.0534427108912926  
6,0.04268384949411249,0.04968583222313468  
7,0.04098153860674918,0.051355592392641924  
8,0.0390207018794083,0.052874109941750326  
9,0.03653569736287569,0.04700884674423434  
10,0.03419811810765948,0.04605633717745983  
11,0.035793021210965795,0.04788504548260731  
12,0.03266889043152332,0.042577538492497555  
13,0.0348084410620068,0.04056782179094594  
14,0.03169885898197154,0.04723255020644277  
15,0.03125004676083031,0.04352687737844848  
16,0.030514868871935153,0.04017350863977313  
17,0.02887589740810286,0.04109723701742776  
18,0.030088718539227177,0.04282021621618365  
19,0.029960573543810678,0.03975019807665806  
20,0.029069577100384943,0.04503996591336034  
21,0.03089805100541497,0.040004968092652964  
22,0.02749024295874381,0.037730929253650416  
23,0.027430961687338478,0.03788640653815469  
24,0.027865462582753096,0.040476230216290564  
25,0.027260933207666,0.04005795574100147  
26,0.02674673084260487,0.03621321763347816  
27,0.027325157926317293,0.03921437549767236  
28,0.026149283082123834,0.03582253898929786  
29,0.025918617234516644,0.039853294035924476  
30,0.026890229797217904,0.03866541905906694  
31,0.027000007644711055,0.03813190854572017  
32,0.02620122728395545,0.03703880818386383  
33,0.02656695635450634,0.03951669239388605  
34,0.025620520491321744,0.03831938901007763  
35,0.026359381037358624,0.040036701840426535  
36,0.025192804686491498,0.039137478082858286  
37,0.025132111043309084,0.04212192504717211  
38,0.026917133077927168,0.041476771694245594  
39,0.02465247401792413,0.03410728672161478  
40,0.024114896884051766,0.03786297310418977  
41,0.02373613489188176,0.036924637175105475  
42,0.023893614757144077,0.0394979187383734  
43,0.023627444764255233,0.037559407143830666  
44,0.024152064001518675,0.03585790439963047  
45,0.022875916790411864,0.03837649770117746  
46,0.02300878976332186,0.03375335722207436  
47,0.023207766656157033,0.03693254202090461  
48,0.02313230936950923,0.03912384942944708  
49,0.023119816309950907,0.034502935288428085  
50,0.02397420390376023,0.039283978289424495  
51,0.025293770379253795,0.03813198939186012  
52,0.026151001719491824,0.04107407884204329  
53,0.024005610450375373,0.04293800634446696  
54,0.02337277472953763,0.034265709123367745  
55,0.022855291545443003,0.03733818719319522  
56,0.021819738411581475,0.03579398335457729  
57,0.021815935896144927,0.03765831005030078  
58,0.023471030234667484,0.03998144451767353  
59,0.02534762678427771,0.03659149259328842  
60,0.02385153243065088,0.035810777256861694  
61,0.023120806464854017,0.033036636785039764  
62,0.022289124502433717,0.03335670052380691  
63,0.022107641001715476,0.03581106072759687  
64,0.022588176237425737,0.034339550130179364  
65,0.023869693415557464,0.036301969445030675  
66,0.02236310309545504,0.03375797593057743  
67,0.021830094614770354,0.03695363194447727  
68,0.02151672821167454,0.03471993276931969  
69,0.021606718465841605,0.034174352416337414  
70,0.021367997619021646,0.037214522208706496  
71,0.022172218610496886,0.03719723186102407  
72,0.02209442613146654,0.03382880938023769  
73,0.021947317746977356,0.03667459824108725  
74,0.0224624662254434,0.03957706204445785  
75,0.02199075133491061,0.03421546941797428  
76,0.02293021460988588,0.03507762304117233  
77,0.022051934399463576,0.03570342934667477  
78,0.02222956437942043,0.03824220151810223  
79,0.022692609124067353,0.03370780054608296  
80,0.022116292689891227,0.03473201228002903  
81,0.02279244836432801,0.037068463458216246  
82,0.022019969273475406,0.036505119223606414  
83,0.021334874518345457,0.03356041890463512  
84,0.021329949301657776,0.0348855833353227  
85,0.020981495680761256,0.037864045978620135  
86,0.020951073980186044,0.033509377390146255  
87,0.020415817033694182,0.03207196171390893  
88,0.020661022851587586,0.03500059871874713  
89,0.020498756436105388,0.03615629150912973  
90,0.020363756964950196,0.03564240471482864  
91,0.020674482331925984,0.03398403025282721  
92,0.022623530605269226,0.03561513425938308  
93,0.020748379033461266,0.03735976283589901  
94,0.020905967684988362,0.03541657027646239  
95,0.020046328729868765,0.032709734679516315  
96,0.020089797902761435,0.0367949113176374  
97,0.022612615744826686,0.03739531352895821  
98,0.021004249234700036,0.03739643556620981  
99,0.022073174518523316,0.034503643157813936  
100,0.02244992312757811,0.04321151955300951  
101,0.022381351222300363,0.03723292404170988  
102,0.021302083630491218,0.0358592049021439  
103,0.020989878031746435,0.03304737088788906  
104,0.022003822989164746,0.03725836766434127  
105,0.020859226208011446,0.03547491206617778  
106,0.021934898881702473,0.03601676144917023  
107,0.0209132242843976,0.033423971109495965  
108,0.019920815944100508,0.038437613382421694  
109,0.019649076207381922,0.03570157781316729  
110,0.019783952789387636,0.034038342434564245  
111,0.019585857232740533,0.03384188937913314  
112,0.01947688864939927,0.035659965320393956  
113,0.019708831739394507,0.03528872537862491  
114,0.019805187047929714,0.03618765815982384  
115,0.019519171388722462,0.03511210251140771  
116,0.01927903516523099,0.03308358924289055  
117,0.018896537102784845,0.03279717998771832  
118,0.019218242425432602,0.03522488961152255  
119,0.01997316683859983,0.033401272631264085  
120,0.020099111388109703,0.042711928532702  
121,0.025838895743057286,0.03240969073339343  
122,0.020754270307486066,0.034253846707162014  
123,0.019925336596857794,0.03388719283631576  
124,0.01948244552994439,0.034576978754674276  
125,0.019779183664959482,0.032023418740612535  
126,0.0203967267575995,0.03316429702409089  
127,0.019726784153474747,0.0355947440480951  
128,0.020933836010586508,0.035097266652901186  
129,0.019253702555176274,0.03413156840234555  
130,0.019347053339205136,0.035043899437843876  
131,0.01881444652139725,0.03543491423900785  
132,0.020864207622066193,0.03306390550629846  
133,0.019141165701873627,0.034902597259124514  
134,0.018683513490165154,0.031983325193668234  
135,0.018721719009587575,0.032058466730520055  
136,0.01834176972067107,0.03523803475712027  
137,0.018106886130540213,0.03104017246422803  
138,0.018235571357950515,0.035016701267711045  
139,0.01814207808805779,0.03496729047611136  
140,0.017862109941161053,0.035080692038086836  
141,0.01815287529357842,0.032532231093113644  
142,0.0179544601797123,0.032352411752484114  
143,0.01769883886550777,0.032337714812438474  
144,0.01789389907314283,0.035197561368199404  
145,0.01879669475054388,0.030935836075048143  
146,0.01812814656346517,0.030152591688585986  
147,0.017810526057324964,0.032938607771114764  
148,0.01897357657344084,0.0350775586468686  
149,0.01862838194228527,0.03179198150233976  
150,0.018522419914836875,0.035520027387024734  
151,0.019068467015407018,0.034570365355079395  
152,0.01837116054450697,0.030803546722372763  
153,0.01788889346092628,0.03425891328547976  
154,0.01780713003011946,0.03574622934454767  
155,0.017902489018201413,0.03232479773535223  
156,0.01776264173072805,0.033871866340560865  
157,0.018039149705982582,0.03253293932034758  
158,0.017720395004707762,0.030630159957949165  
159,0.017859375776028592,0.03115464805675845  
160,0.017190483096948067,0.033350675288826376  
161,0.0176530217310537,0.03438528333538272  
162,0.017610714413900615,0.03300281503958068  
163,0.017781350550725276,0.0346757843723438  
164,0.018319246836188362,0.03368544750135814  
165,0.01858438326545605,0.03418261620211484  
166,0.02465334931836311,0.03369901680704115  
167,0.02102099714041379,0.03353456438064869  
168,0.01994463444431069,0.03131521509712553  
169,0.019396048727143518,0.03386558063805397  
170,0.01897917965667173,0.03263525495975476  
171,0.018564229110703653,0.03544806541296942  
172,0.018531184607811713,0.034523082520867804  
173,0.018290974618380286,0.031882070555475546  
174,0.018373173061200135,0.03439476757581011  
175,0.017972179964340522,0.033026619855626466  
176,0.018165840468781544,0.035333354438980814  
177,0.01739240108700372,0.030421002671636384  
178,0.017381711515763495,0.033214349694219714  
179,0.01739203510968216,0.03277603485460939  
180,0.017506189173807873,0.031412202332701  
181,0.01769939006569078,0.03373873684316727  
182,0.01761840694042033,0.03325824645058862  
183,0.01723273439845557,0.030102765417010912  
184,0.017498271403516213,0.03236596134899579  
185,0.01783981814474283,0.032723802935533924  
186,0.017848119915232632,0.031233370487619504  
187,0.017426765131202723,0.03204130074880981  
188,0.017384395266165923,0.03316084826778015  
189,0.01696093103974954,0.02886320903823881  
190,0.01777767541230971,0.03310840726449278  
191,0.01719459398399766,0.03217819051385807  
192,0.01713337224197512,0.03243061065159995  
193,0.016971874797152103,0.03169994670989478  
194,0.0172618560441072,0.03167182396124736  
195,0.017147047928686963,0.03295988909753379  
196,0.017256892760014908,0.033681171446157794  
197,0.01781853954940515,0.03256465440496729  
198,0.017000545114797996,0.03162047015548927  
199,0.01768539988075607,0.03111071728647049  
200,0.016775732434870683,0.033405220035114896  
201,0.016827356258491605,0.03154794216669839  
202,0.01657119275229733,0.030575229240388704  
203,0.01641584892241278,0.03191172353593  
204,0.01633532406950454,0.03302328902402241  
205,0.016851360221695193,0.03179733779079515  
206,0.016591907332842774,0.03217380441578445  
207,0.016843055115318258,0.03360315177387792  
208,0.01657850404338139,0.03139274413215703  
209,0.01636740665895806,0.03542873651486606  
210,0.016301183458352752,0.02988670530540896  
211,0.016643246054934915,0.032586834205342044  
212,0.016739741584305565,0.03198080029100033  
213,0.01628205499478749,0.03217429511726196  
214,0.01672361996544051,0.03345378767240224  
215,0.023652694548256307,0.04507556048409986  
216,0.022129023622864216,0.03319346448727723  
217,0.01846387884693175,0.03138895485128088  
218,0.01768944929402568,0.03112717010447838  
219,0.01744836018800424,0.03096657555568688  
220,0.017132326038976166,0.030488453062223683  
221,0.016775764155003668,0.03213384555735318  
222,0.016918123754890123,0.035837613202154346  
223,0.017689736375020564,0.03058623644555437  
224,0.01684585363581413,0.033450787409846416  
225,0.01656699753999191,0.031165620357972646  
226,0.016553656191594303,0.033844512148663915  
227,0.01622724765749447,0.02926712720815478  
228,0.016313099247186026,0.03073326773537791  
229,0.01617077680609679,0.031449325924069425  
230,0.016280768614405125,0.032431157048920106  
231,0.016328202567034066,0.03236966025946763  
232,0.016261661155895696,0.029597764201645782  
233,0.0166750385812143,0.03162848339255514  
234,0.016099309334563876,0.031132884984239568  
235,0.016679728436137742,0.031192026243274436  
236,0.01653182371892684,0.03364370658700102  
237,0.016856040779618022,0.03356174926452449  
238,0.016172887614639378,0.0326791303461702  
239,0.01773440853760737,0.031018682016894734  
240,0.016308416089997058,0.030702515509842064  
241,0.016045853631888946,0.030639305857602012  
242,0.015982725534211675,0.02969763848214901  
243,0.016314087847721495,0.031440547892245756  
244,0.015954236152747367,0.03224276724670615  
245,0.016307525317272243,0.03045465164070059  
246,0.01601555923369911,0.029421106944310254  
247,0.01597340397199272,0.03340045412259149  
248,0.016264069770245394,0.03219991354409404  
249,0.01603924008637978,0.031234700021705603  
250,0.01600721162072146,0.029141094985193218  
251,0.015975502566255968,0.029775164617693483  
252,0.01609377168404516,0.03331386176823395  
253,0.01676069016370416,0.03009052476455719  
254,0.016227701260263704,0.03383727259750437  
255,0.016012074403101352,0.030303732707656076  
256,0.01584340654677007,0.03027538133996167  
257,0.01566521314586081,0.03144785008517099  
258,0.015692177313000277,0.031379592866439536  
259,0.015526996510109836,0.033613763978989256  
260,0.01599923145830735,0.03111444126465931  
261,0.016015310356399946,0.032837075727253126  
262,0.01633590669776816,0.03226522930663795  
263,0.016518361713957912,0.03095156676480042  
264,0.016136387045063625,0.03198112299656633  
265,0.015895882546771902,0.03214093644557328  
266,0.015913093667023065,0.0302523030564556  
267,0.01601331638178759,0.031617071433680984  
268,0.015820691371758434,0.032938336990223145  
269,0.015438842369756216,0.03193252719938755  
270,0.015771259952868735,0.030249915888597226  
271,0.015672748226944994,0.03217228333204251  
272,0.015363041259582034,0.03027474075519099  
273,0.01525751202454862,0.029641868711765763  
274,0.01537597059671368,0.030909378622920054  
275,0.016238283713182713,0.03256199188677254  
276,0.016165044583795585,0.029680686319256064  
277,0.015763730508395395,0.030354323718935396  
278,0.01612441977064161,0.030576372776052047  
279,0.015427566464432232,0.03485613390619825  
280,0.015373651012908083,0.03043730148651036  
281,0.01549872443508292,0.02858383592053  
282,0.015638578099033143,0.031017222171052922  
283,0.015319423863618838,0.03080578075877845  
284,0.01527449354295739,0.0316967148737514  
285,0.015450226042406692,0.03074833826882205  
286,0.015355992562523702,0.0315929353328908  
287,0.015070054897525793,0.029474598607920073  
288,0.015531112890989107,0.03197403918272756  
289,0.016666263981173886,0.030300440239201625  
290,0.015347212020839964,0.029822868217021372  
291,0.015125348995267723,0.030031935839450418  
292,0.015348733782456728,0.030449651879042826  
293,0.015124630698940688,0.0291059443112371  
294,0.015406794184072507,0.03259712338374166  
295,0.015940830854614646,0.029940886872595752  
296,0.015300870214293643,0.02961217798292637  
297,0.01523662325423146,0.030418354696754753  
298,0.015292962166101052,0.030124444753078405  
299,0.014976189825489131,0.029524128310602582  
300,0.015290720333127818,0.029998755605496797  
301,0.01513177550719071,0.030870349765778175  
302,0.015012455448664024,0.029652946275369876  
303,0.015125177810390444,0.03092837461219926  
304,0.01486428093022378,0.03227887061319034  
305,0.015574608705548458,0.030648869035646245  
306,0.01545975304724655,0.031036838723961357  
307,0.014875296061981846,0.028232738458244085  
308,0.01519212181248316,0.03215714635813765  
309,0.01495483018886233,0.03063733868411022  
310,0.015021618222006521,0.03092834498421312  
311,0.015279130977724487,0.03051857159385834  
312,0.015280839351073997,0.031002973412792085  
313,0.015653641852274382,0.03110523252137776  
314,0.015371002961040997,0.0323532347847235  
315,0.015047418966058655,0.03123313039908268  
316,0.015070914982036016,0.030072788694148582  
317,0.015284548325379758,0.03179894260181288  
318,0.015345196820509974,0.03165960655056784  
319,0.015118975834823651,0.032391603760825005  
320,0.014892608225864816,0.031967846144522936  
321,0.014837513178041795,0.03214462053746425  
322,0.014900037230281257,0.031457164283529876  
323,0.014872834709463219,0.030282234406016142  
324,0.014554871479860582,0.03219936656871159  
325,0.014802480723306484,0.03151312651195256  
326,0.015004100952985395,0.030465352830701863  
327,0.014838097191931686,0.03075530699321202  
328,0.015029023761637119,0.029277103526398465  
329,0.015208280840012462,0.030252406291039705  
330,0.015045456841380339,0.03333075120678089  
331,0.014969342998277643,0.03125912910831973  
332,0.015121437693566395,0.030903670863418158  
333,0.015510444347633094,0.03044220688638135  
334,0.022866390866165792,0.030645895217146193  
335,0.017884460128584183,0.032868248470164285  
336,0.01680634775319062,0.030231584414032293  
337,0.015941731923808204,0.031919390954113946  
338,0.016323098289790054,0.03218426238837207  
339,0.01592092984437112,0.02939688303310589  
340,0.01534469600260673,0.031970643699903205  
341,0.015554888238838325,0.03274283313141962  
342,0.015133254492869569,0.02896896619441474  
343,0.015001187785707077,0.030717472045732837  
344,0.01531691565940916,0.02923612177298574  
345,0.01491420505445074,0.02962754508985087  
346,0.014872686914736179,0.030743892492698918  
347,0.014864369889377302,0.03081212344171085  
348,0.014850155583449773,0.029276407851374208  
349,0.014463638354625021,0.03359552035154087  
350,0.014981220709971228,0.03245696047403542  
351,0.015069570742833074,0.030608038284948895  
352,0.015086987367360642,0.028746135413573293  
353,0.014561096975378666,0.029303869558268872  
354,0.01456105592903983,0.03216541256627132  
355,0.014668945959714024,0.030357899006658  
356,0.014697741924781833,0.030402143958387116  
357,0.014910821897019907,0.031209483421568214  
358,0.014528542237830079,0.0312614357144815  
359,0.014549660584029421,0.029063765244017093  
360,0.014472654034166178,0.030999902021048104  
361,0.014605494092773477,0.030004168369720134  
362,0.014762774495998533,0.027780297221478276  
363,0.014794234812700998,0.03002940277050575  
364,0.015079700352319026,0.03095824581575511  
365,0.018048627847215025,0.029620205469686408  
366,0.015278799105630311,0.031300978074446685  
367,0.015000802000744417,0.032964995066667425  
368,0.015180535215352262,0.031165737126554762  
369,0.014955157345933159,0.03009128625610192  
370,0.014750068634099453,0.03036884587313154  
371,0.014423656562920854,0.031534881863210885  
372,0.014899352912625577,0.031112230070889584  
373,0.014744599210260638,0.030907076622905403  
374,0.014751992983425536,0.03275307984518006  
375,0.014498810991255455,0.029726543257315757  
376,0.01467491060054053,0.031170917289524244  
377,0.014426012211949776,0.03088559683760986  
378,0.014549031996457004,0.02814039340233568  
379,0.014860127461937869,0.02953123053985423  
380,0.014461977225614757,0.031770051764370186  
381,0.014515215216223995,0.030816946949424415  
382,0.014283280280980084,0.03241292685453821  
383,0.01468042603885359,0.030573364934457347  
384,0.015032775115987565,0.029456339840745104  
385,0.014824429202422447,0.030807623171747612  
386,0.015059298063378508,0.02960569139001111  
387,0.014950506298280344,0.031235547635355607  
388,0.014578033861694435,0.030446620107504534  
389,0.014840180083512221,0.030683087093269296  
390,0.014486966898035298,0.0315579292937893  
391,0.014774426538821711,0.03066421771798228  
392,0.01502006450012482,0.03081505501578594  
393,0.014781715867567146,0.031913722888222466  
394,0.014583222603730416,0.028359470613704526  
395,0.014457903471402175,0.031718465164670806  
396,0.014468497213768004,0.029839681305468376  
397,0.014606157415108399,0.029983307514798465  
398,0.014450607675319142,0.02980916335114411  
399,0.014208973791021918,0.028629758202567183  
400,0.014099886147662322,0.03138576817740067  
401,0.014285624939104614,0.030656186074679122  
402,0.01440338735251269,0.029366147690659088  
403,0.01426576272964166,0.03019474777094836  
404,0.014396762238484434,0.031406210019744085  
405,0.014606776585614224,0.030334298443874995  
406,0.015787477205906595,0.031696228613260345  
407,0.014609954579496424,0.028957889952095858  
408,0.014685785848945898,0.029788541180893705  
409,0.014594181901564373,0.031129617106371327  
