1,0.037545877352786,0.007340834659565552  
2,0.007817110874044854,0.005861024670486379  
3,0.006235514673197977,0.005049479115992931  
4,0.005461225965520266,0.004210819944445723  
5,0.004988915564079507,0.004497466212037602  
6,0.004622787093324343,0.0035350518243781894  
7,0.004368432864130687,0.004052174885486587  
8,0.004150182685699399,0.0038990975412645655  
9,0.00396686630855017,0.0037432925642601083  
10,0.0038239078979815694,0.004083143024168579  
11,0.0036907307515132125,0.0027165468610144163  
12,0.0035699372408167177,0.0027865274497330776  
13,0.0034617520381174786,0.003305943588739986  
14,0.0033537304089006435,0.002693917315563398  
15,0.003296010048302576,0.0022912554481878803  
16,0.003190768150820756,0.002373118482282376  
17,0.0031306610875852393,0.002611399383921855  
18,0.003056698560838248,0.0029630224940738656  
19,0.0029953758189223876,0.003014276240002639  
20,0.0029367575085482984,0.0025837681327345484  
21,0.0028884152042310536,0.002777503267747208  
22,0.0028310707383455928,0.0018041248776229659  
23,0.0027636161555957056,0.0026341269522208006  
24,0.0027412568417298127,0.0026840511904433003  
25,0.0026744323507126868,0.00260822562354025  
26,0.002636459742812521,0.0028812091091069683  
27,0.002623463190732813,0.002428670221104704  
28,0.00255541757816192,0.00218976679225934  
29,0.002525912663195588,0.0028182748817549698  
30,0.0024723176426704433,0.0031984629410002473  
31,0.0041720367326883905,0.004711531199001032  
32,0.003995711411338098,0.003933279433292268  
33,0.003526178607960958,0.003017106427228436  
34,0.0037966698666556655,0.0030527767252745888  
35,0.0035396716342084955,0.003650807090828498  
36,0.0036116534089068206,0.003316858026377967  
37,0.003175280685902266,0.0025982465583537454  
38,0.0034410482724351616,0.003824446142738309  
39,0.0034669390615452906,0.003576439757156989  
40,0.003410858635662244,0.004132003220614835  
41,0.003351596732628751,0.002735569700369327  
42,0.0032321043271103297,0.003366557022171288  
43,0.0033557624519553954,0.003506403025285584  
44,0.0033147321326453334,0.003030126017467876  
45,0.0031109238413193413,0.0030300829690316773  
46,0.0030967045435600672,0.0021221397921736603  
47,0.0028912470319241703,0.0035734839526376703  
48,0.0032594766237010716,0.0031929154148591416  
49,0.0030192507066833826,0.0028571120057291734  
50,0.003180456397336555,0.0030945952720206065  
51,0.003131118325523083,0.0023514361974090485  
52,0.002776059409827774,0.002983952167081495  
53,0.0029958289865904975,0.0031163657515360216  
54,0.003046540396140131,0.0023803646593662025  
55,0.0028514702012843694,0.002397539701973423  
56,0.0030095692052315745,0.003091793221747273  
57,0.0029626696880087648,0.00269583151377554  
58,0.00292124629978019,0.0027157550338160227  
59,0.002767083386851582,0.0030613373655348722  
60,0.002660901407608811,0.00277823336385741  
61,0.002887930988616929,0.0025414815975417352  
62,0.002864073218377941,0.002967605884576886  
63,0.002685045781805396,0.0023363738726787818  
64,0.002951538934450382,0.0023405026366906654  
65,0.0026782224548860317,0.0022641485006424595  
66,0.0027913657231597687,0.0025628258685209773  
67,0.00261016006733455,0.0025848168134230552  
68,0.002793654636926884,0.002289375635506264  
69,0.00260135693512987,0.0025005435887632405  
70,0.002345353409438272,0.00401997197823131  
71,0.0029374024575579438,0.0024975519661741157  
72,0.0025888608242783297,0.002493657153375043  
73,0.002476674888565824,0.00194012000525985  
74,0.002787386688702849,0.0027715753215672495  
75,0.0025642272574586526,0.002529141371565059  
76,0.0024264633341043876,0.0024951335875400033  
77,0.0025859449089652687,0.0019485976115749975  
78,0.0024922135439221903,0.002468979096251168  
79,0.002388646660769199,0.002371861395228819  
80,0.0027002964524737516,0.0026843632970537457  
81,0.0023107711371216423,0.0025073564221412678  
82,0.0023035668503057476,0.0026114971613227  
83,0.0025541038765615896,0.0017939461945679974  
84,0.0025506412182133287,0.0024095757685491602  
85,0.002416226441767164,0.002609784332943594  
86,0.002201771052362459,0.0027859707768969786  
87,0.002535820122520532,0.0020319000935971076  
88,0.002451542833369765,0.0025998395431805128  
89,0.002141208539881059,0.0022581139122929625  
90,0.002505994222677893,0.0025131624373217376  
91,0.0023676008083589415,0.0024228363763540983  
92,0.0023361712521068867,0.001947689249772083  
93,0.0023115166378846266,0.0024251544818263775  
94,0.002410553337235725,0.002180444107624918  
95,0.002238133267205319,0.002036973187158554  
96,0.0023741021280601154,0.0022232607809890962  
97,0.0022964866664894512,0.0021277780809756276  
98,0.0021713899396096615,0.0022393672903678542  
99,0.002364876588853645,0.002062910158999191  
100,0.0023549539138632866,0.0030726129762608137  
101,0.0022233474026897345,0.002078926524496064  
102,0.0021608290479910182,0.0021748832023239196  
103,0.002261849003640795,0.002059076449907215  
104,0.002276783290174489,0.0020383475961971093  
105,0.0022371711610063884,0.001686025709097315  
106,0.0021976791425847024,0.002860062936862261  
107,0.0021642038887561693,0.001973590577879159  
108,0.002314341041002663,0.0021061280437199206  
109,0.0021000162832013106,0.001956429854356523  
110,0.002058998393309327,0.0025153242216762062  
111,0.002130535901743548,0.002394049129049693  
112,0.0021598095610253446,0.0021036583666455715  
113,0.0022353512532830265,0.0018077370586800459  
114,0.002075529187782806,0.002262465553725221  
115,0.002168619401434381,0.0018293269797517307  
