1,0.089385454274753,0.030595560287460317  
2,0.03203372586759077,0.024711916287397516  
3,0.025799855456588364,0.01618341679496718  
4,0.020351845067299992,0.015183661550540349  
5,0.01853360339388069,0.0199865520624398  
6,0.017188433539870002,0.015105879177417368  
7,0.0162195160848464,0.016930988388769146  
8,0.015345689356262043,0.01191917670147466  
9,0.01492837831755063,0.011824947497417481  
10,0.014689478317818508,0.012862162269982212  
11,0.013679682177996968,0.011407540799141518  
12,0.013358692916509993,0.009693815515105947  
13,0.012924104335719482,0.009130362485503328  
14,0.01241773524586547,0.012184130449967431  
15,0.01199354833060222,0.015053401641510977  
16,0.011587292115231667,0.009983180801893397  
17,0.011391350103909537,0.010696992172579753  
18,0.0112711022206522,0.010215764709294136  
19,0.01076359063367413,0.008410052680800407  
20,0.010543708253918415,0.009435261874987281  
21,0.010540089924311035,0.0078350560546949  
22,0.010106502397450737,0.008416444549493014  
23,0.010138142606922885,0.011920148644394475  
24,0.009855013289513232,0.008902502654514876  
25,0.009763144483272942,0.011867072139614321  
26,0.009548813233031757,0.00879652347654251  
27,0.009328072180363625,0.007011130408572005  
28,0.009222208432053552,0.008142249828452254  
29,0.009485214530127887,0.0073457583807996045  
30,0.009099455705533424,0.00937901229914186  
31,0.008983131619999234,0.008355568943022213  
32,0.008897746336137645,0.006198083190476806  
33,0.008573238750883942,0.010512504066005715  
34,0.008553951684496061,0.007928501101201538  
35,0.008494874647774622,0.006618032463610613  
36,0.00836857286546815,0.006988140082289579  
37,0.008234482191919136,0.00813697161281417  
38,0.008306383453537083,0.010113983369189236  
39,0.008270202714130672,0.0070914773596221295  
40,0.008166485207633198,0.008107864527316223  
41,0.007969885169777103,0.006110802386873608  
42,0.008006290883723042,0.006957644413184062  
43,0.008014508180911888,0.006518202271826309  
44,0.007849574442562788,0.006950359463489849  
45,0.007753880083378905,0.008054706139554238  
46,0.007641623120098318,0.007366664129598388  
47,0.007635009391347099,0.006725657107354385  
48,0.007843070869117872,0.009451947280485642  
49,0.0075058085359567955,0.006878006533522324  
50,0.0074526128646825,0.007958089889215278  
51,0.00736924637122044,0.007708695022104849  
52,0.007386633790671877,0.006003193043429276  
53,0.0073143210965834465,0.006670992672351634  
54,0.007180317175813526,0.006461018652843284  
55,0.007197762430721916,0.005650936391920292  
56,0.007196452135437966,0.005848496188891345  
57,0.007040283880009597,0.006003150372339294  
58,0.007012683144863207,0.0067123797575351345  
59,0.006966536511125833,0.005664194209198353  
60,0.006918034350489759,0.0072352692136183165  
61,0.00687682606364368,0.0065211410280959356  
62,0.006811329846255754,0.006883538169832212  
63,0.006811141216051464,0.006728415563243804  
64,0.006789499981553143,0.006524532820038461  
65,0.006721507291428186,0.006094634239309527  
66,0.006706271613956174,0.006189241106140202  
67,0.006690355727244266,0.005807998975546196  
68,0.006654400093217639,0.006552375784244737  
69,0.006563417860558728,0.00536375031278932  
70,0.006563576439762875,0.006687925153600024  
71,0.006540483620381845,0.006458277591582149  
72,0.0064997442357606185,0.0070203537272812404  
73,0.0064687230315443,0.007448010899016423  
74,0.006434178442237525,0.006028101614359858  
75,0.006436521956212754,0.006774230199531088  
76,0.006410125254557499,0.005249330691369296  
77,0.006350677796878428,0.00577146937529295  
78,0.006272518229597682,0.006175099461444933  
79,0.006266333624382502,0.005353954414208534  
80,0.006271155041530339,0.006069470513520276  
81,0.006180786143299225,0.0070460627699647045  
82,0.006155508646764264,0.006463712363462583  
83,0.0061456889205045,0.005586892873360752  
84,0.0061199965530821165,0.006991068215517721  
85,0.006118982442757066,0.005475322780167234  
86,0.006274251367272663,0.0067631775270138176  
87,0.006089945650459584,0.004893421434012834  
88,0.006016172451596142,0.005231561086466306  
89,0.005956384627210272,0.0050196668128551815  
90,0.005932849248380353,0.0052133369043909856  
91,0.005952792558298945,0.005330880342299128  
92,0.005933386553241425,0.006113994203673061  
93,0.006159671210890301,0.005455525270823775  
94,0.005885776608571228,0.005742488307373717  
95,0.0058322313166894735,0.004732956478986981  
96,0.005866364548291627,0.005388376610399467  
97,0.005843222478524917,0.0053731591206759655  
98,0.005794497651338941,0.005826272680584727  
99,0.0057696782614886245,0.004702063148905491  
100,0.005713337081538133,0.006432111060769834  
101,0.005730210022470974,0.005091504891187393  
102,0.005745284677032921,0.0050309301340227645  
103,0.005723589734640785,0.005313568025955866  
104,0.005709304185795482,0.005213515225137249  
105,0.005637345546255145,0.005760134358344407  
106,0.005685285227877099,0.004947401156529711  
107,0.005640247613224111,0.005102605288251867  
108,0.00562858651270261,0.004758178274803267  
109,0.005574701390477843,0.004515457556587575  
110,0.005620914468310942,0.004911317120723683  
111,0.005510570407466374,0.0056533107690036  
112,0.005462523297054033,0.0053788004901829025  
113,0.005451784654476568,0.0044694502489283465  
114,0.005490072916731576,0.005065439188660219  
115,0.005487799317775909,0.004536404049602048  
116,0.005432770516801411,0.00506196347446057  
117,0.005499465396728555,0.003930760343361811  
118,0.005414596215917698,0.004597118998340932  
119,0.0053630465402692085,0.00476023006330937  
120,0.005419135309859824,0.0044317027654847485  
121,0.00535682057978075,0.004896151018902439  
122,0.005352940988998346,0.005690922485802121  
123,0.005327291877689994,0.004821690882147827  
124,0.00533263718329019,0.005191817705340574  
125,0.005313586366458765,0.005289053957303756  
126,0.0053233137942629545,0.006384884163260166  
127,0.005367457396944052,0.004506525184426989  
128,0.00527590760688117,0.004653553191682535  
129,0.005292873021806826,0.0045248908655984065  
130,0.00525149728787533,0.004231604341454254  
131,0.005232228208365761,0.004547868667197932  
132,0.005179538279381722,0.0048583432265873906  
133,0.005204481867923812,0.004753008863333558  
134,0.0052297545717232725,0.004318581293038841  
135,0.00516632632198004,0.004089045844137155  
136,0.005135604144638017,0.00428883649931826  
137,0.005130212412688745,0.004829222203365394  
138,0.005142447448467241,0.006325078027075147  
139,0.005121539059187729,0.0052361849539459045  
140,0.0051233115700279955,0.004131671669778272  
141,0.0050560953469384615,0.004695537802877978  
142,0.005074716744421092,0.006245741056360928  
143,0.0051978937891453345,0.004796163848798557  
144,0.005087093725624977,0.005057254769458559  
145,0.0050209102547527605,0.00538490883767458  
146,0.005038121319416566,0.004280185026433227  
147,0.005045734667731205,0.004731868416658176  
148,0.0050350266377105135,0.004649256518927261  
149,0.005017536258354237,0.004756568965451617  
150,0.005050472369869394,0.00618502361874275  
151,0.004995536684086237,0.004470425777210684  
152,0.0049674403024788615,0.005342071125825197  
153,0.004937147533920891,0.004918167789654778  
154,0.004958132754062119,0.004772677418908903  
155,0.004932502053034399,0.004165698108928544  
156,0.005003934302310383,0.004971463320400621  
157,0.00492563951650007,0.004233203064466786  
158,0.004889367969079271,0.004534651947395848  
159,0.0049336695077343085,0.004177177446467683  
160,0.004874584685204905,0.006379311642806812  
161,0.004981116832593167,0.005215995899158452  
162,0.0048742195279264326,0.004084949785375536  
163,0.004839299022777568,0.004469407132822158  
164,0.004902930532860038,0.0042078862645722965  
165,0.004854404657630552,0.004311374462039893  
166,0.004850652930286126,0.005087345549515609  
167,0.004855714505944681,0.004198779459822501  
168,0.004797184055615834,0.0042234187156622634  
169,0.004824060737439813,0.004174828462834869  
170,0.00481565123753879,0.005294003578939755  
171,0.004780771429398557,0.004681464142436758  
172,0.0048629293493750985,0.004186258373754512  
173,0.0047703407977888095,0.003656330442725878  
174,0.004760700892770815,0.004104866798774436  
175,0.004762718174850363,0.004052002867224989  
176,0.004734857929025307,0.004664562713685147  
177,0.0047683903100667925,0.0046552304394102744  
178,0.0047818293504865534,0.00496582935789022  
179,0.004757484108661456,0.004669540059371975  
180,0.004738666243155537,0.004822058226968268  
181,0.004692212251839058,0.005402796330581891  
182,0.00477426625336366,0.004144704822689442  
183,0.004703079053667255,0.0037882286364790694  
184,0.004707200312905703,0.004754141684199496  
185,0.004675380613762124,0.004551724358714126  
186,0.0046388601126835195,0.004506766318981284  
187,0.004663104450664959,0.003950487337134815  
188,0.004705129281079712,0.0041509644986300045  
189,0.004655126130361156,0.0045151731040640715  
190,0.004660607365172935,0.0043460915388144885  
191,0.004638859835155894,0.004549645593967931  
192,0.004612980384857477,0.004073566143524838  
193,0.004643450738589099,0.004150867495419723  
194,0.004680637411617171,0.004254194474297351  
195,0.0046361028379313714,0.004235662673622957  
196,0.00461815712391602,0.003675484441431799  
197,0.004584989497880167,0.003951038141032965  
198,0.004575039477072929,0.004713243747524587  
199,0.0045933587493677255,0.004293742628648804  
200,0.00459769713394929,0.004532348075560455  
201,0.0045546932559603435,0.004792008204890296  
202,0.00454216192795019,0.0038379790454075254  
203,0.0045324875826884,0.003986049391870648  
204,0.004527034909248248,0.0038285400853790524  
205,0.004510022599874211,0.004091048499642701  
206,0.00454331671796336,0.004146964275484602  
207,0.004499723895470795,0.004042318910864994  
208,0.00453294848090275,0.005201081116798476  
209,0.0045484394212147745,0.003966910663643494  
210,0.004487102607063572,0.004145056247857991  
211,0.004466039285853661,0.0038931962972038924  
212,0.00448179745804486,0.004708412190523053  
213,0.004531250232879404,0.003580030946180298  
214,0.0045282549767659075,0.0038522027795354426  
215,0.004470406313074092,0.004645326750564017  
216,0.004465221438352116,0.004073027503020658  
217,0.004427927715645333,0.004057306878892659  
218,0.004467293800522832,0.004070577009815007  
219,0.004470752675677886,0.004380619972301969  
220,0.004428634427757657,0.004173455929631377  
221,0.004403124828733517,0.004189807724372801  
222,0.004417467526733927,0.0036240651575031833  
223,0.004405657326425531,0.0037218059603528583  
224,0.004431563256841549,0.003791926871397959  
225,0.004423256821273769,0.00395760517750908  
226,0.004434400666781407,0.004523082115581911  
227,0.004382424010207672,0.004386500934863766  
228,0.004366280752791654,0.004728574794373048  
229,0.0044236188379797375,0.003922233975084104  
230,0.0043631313359738695,0.0038594480413539803  
231,0.004370774222898702,0.006020957792150269  
232,0.004383849818747081,0.004193102259629319  
233,0.004356780265787873,0.0046869653845985825  
234,0.00441097942941593,0.0036480938373454684  
235,0.004450495317854624,0.004900861749416355  
236,0.004373738656785944,0.004237601508299265  
237,0.004353759399928919,0.003898711394509438  
238,0.004349830771681006,0.003893017866350527  
239,0.004389964464245719,0.0036047725935966658  
240,0.0043415022212654406,0.003637147638396236  
241,0.004347750695217498,0.00441465132039389  
242,0.004308169091243889,0.004360671448773645  
243,0.004348152379682499,0.0034674897071965073  
244,0.00431044418754846,0.003591277355585119  
245,0.004370295395505782,0.0042634041672526615  
246,0.004314010866135879,0.003655644521355776  
247,0.004295930205023543,0.004294817826797809  
248,0.00430471566302562,0.003462653305482468  
249,0.004299387126920475,0.004145849356198399  
250,0.00425657695630666,0.0036669326200622497  
251,0.004313527725890513,0.003841554957070374  
252,0.004297866841557112,0.004000830792092484  
253,0.00426550978757311,0.004188136374256734  
254,0.004282423717670312,0.004009311437248963  
255,0.00425423694941919,0.004509018846498481  
256,0.004293357259813326,0.003530378002682563  
257,0.004231433290663138,0.004291833279736964  
258,0.004253447757559271,0.003508866170485472  
259,0.004255057988285264,0.0038553291411033553  
260,0.004255475404462655,0.004141342393787844  
261,0.0042372228281920285,0.003713270136627731  
262,0.004277281738235819,0.003949505750667946  
263,0.004214880350866659,0.003370324110731556  
264,0.004264234812250832,0.0036164093040058323  
265,0.004248883610958621,0.004111353506384592  
266,0.004173243459782207,0.003944601319968847  
267,0.004256203877503933,0.004559316596686106  
268,0.004239895805248415,0.0035831257517408266  
269,0.004233811927120645,0.004197802169826524  
270,0.004250563551098057,0.004316449803047873  
271,0.004199020144810825,0.0036576232297134957  
272,0.004184362099848908,0.004378883973259497  
273,0.00422313246497296,0.004597204934640471  
274,0.004151938612333923,0.003692949105861592  
275,0.004175521142416703,0.004352666896405478  
276,0.0041851361195213875,0.004099709438297696  
277,0.004176500732449727,0.004449495662627696  
278,0.004172212915595809,0.004075560810530714  
279,0.004160764608467177,0.00412518126784544  
280,0.00425982280117484,0.004284078686548572  
281,0.0041493189128613125,0.0040731609023630325  
282,0.004171902478800967,0.003723578042410351  
283,0.004179931533023923,0.0038171885649815863  
284,0.004150770453453376,0.00445933804016909  
285,0.004101137370179955,0.003228260502402712  
286,0.004119492962836153,0.0036349861912447685  
287,0.004165514761152926,0.004621361203381581  
288,0.004103038552254568,0.003286465480602507  
289,0.004113038031085286,0.003682689436165423  
290,0.004091054166587522,0.0036814598380381543  
291,0.004103532606690316,0.0033276981715424894  
292,0.004121511152264439,0.003516734279508661  
293,0.004099945527993884,0.0037712165959674884  
294,0.004125050605919999,0.003372862321448517  
295,0.0041001046147119465,0.0034051026593838714  
296,0.004078096450090304,0.003559178701404647  
297,0.004057091111837387,0.004040176840269654  
298,0.004063038430526125,0.0040629871311170865  
299,0.004062446193886599,0.0032888642567315417  
300,0.004073207019169995,0.003447979336531071  
301,0.004087193285149195,0.0037555400330316403  
302,0.004056478961066946,0.0036802672725996656  
303,0.004064395597097294,0.004214932765866736  
304,0.004156007650056383,0.0037164174586883174  
305,0.0041112215587313415,0.003542822784528577  
306,0.004073579350314111,0.0034062359470580453  
307,0.004084456024893005,0.0030520821215006813  
308,0.004062048725566029,0.0038203465616963622  
309,0.0040750952663442955,0.004289665782429608  
310,0.004075764842984798,0.003500947742516478  
311,0.00412075186309195,0.0036906161978657315  
312,0.004100118471995438,0.0037802609780188557  
313,0.004021060644091476,0.0036318230814314243  
314,0.004030409478298007,0.003453420752686967  
315,0.004008819490108789,0.004835083637973798  
316,0.00400429467644614,0.0034366415760805603  
317,0.004077670593090992,0.0047302000004376095  
318,0.004012935301597778,0.003751004909582693  
319,0.004002861737925397,0.0037602416636523207  
320,0.004025623909755241,0.0035079017813716617  
321,0.00400062766776178,0.0037599856864312304  
322,0.003983225330489364,0.0039006856217374797  
323,0.003969408811458483,0.003488813765493813  
324,0.003992668664274676,0.004153496248583342  
325,0.004021313989430952,0.003460677092885736  
326,0.003984248401340338,0.003912060508926587  
327,0.004007866680069484,0.004296612411994359  
328,0.003979090315551476,0.0038288271357420044  
329,0.003960676819986516,0.0032865430177946397  
330,0.003986126207705932,0.0033119063895526045  
331,0.003988850960933829,0.0031363546683136467  
332,0.004026652115476797,0.003385112747054529  
333,0.003989475355020368,0.003815727284306596  
334,0.003956322272976188,0.003481508364552274  
335,0.003968597697354138,0.003301478620719513  
336,0.003960889634508867,0.004049282746958395  
337,0.0039552341578577045,0.004068121270464705  
338,0.003952248088193059,0.003261535907889088  
339,0.00393856600508822,0.0035769601600253815  
340,0.003935316237450348,0.003408523612504302  
341,0.003928651281487827,0.0038719839964685915  
342,0.003938756480465203,0.004518965295896742  
343,0.004050462953274969,0.004931380605242523  
344,0.00392393722649124,0.0037189709628230247  
345,0.003933173409674518,0.0036758586002761506  
346,0.003924035260788641,0.004024760354897512  
347,0.003943534388351555,0.003607327975286859  
348,0.003942921040920999,0.003467060280321487  
349,0.003992633948941272,0.003666471608506121  
350,0.00394693726021959,0.0034399901819530086  
351,0.003912418205079738,0.003235348478519344  
352,0.0038971188437538205,0.0036366826710130633  
353,0.0038927721548792996,0.0031883282050160057  
354,0.003912281412403725,0.003349821515647428  
355,0.003975060594919907,0.003058488414223705  
356,0.003889212788311833,0.003462637934072191  
357,0.0038881880043474325,0.004401395030851875  
358,0.003896354118615623,0.003429866109153467  
359,0.003910600753455548,0.004201541044588746  
360,0.0038625542830227244,0.0034309290039807264  
361,0.003857968618075833,0.0040197605725946686  
362,0.003962357801565637,0.0033451997906685316  
363,0.0038874517406221566,0.0037031245275671257  
364,0.0038914481185240114,0.003659579848980742  
365,0.0038596171516775564,0.004631718710119942  
366,0.003872560319713403,0.0035328308104312627  
367,0.0038675629984047818,0.0036154952154866435  
368,0.003940496919189058,0.003435187188568961  
369,0.003856159355751455,0.004145553080924773  
370,0.003861120059666911,0.004180358573702609  
371,0.0038490366466167867,0.004139807082143764  
372,0.003907916242546072,0.0035395442606798683  
373,0.0038792663396061454,0.0032678652001921034  
374,0.0038876497173717614,0.0032516856611307177  
375,0.0039020987665589514,0.0034777664354649082  
376,0.003936289738129051,0.0044341584681326825  
