1,0.03531306221261811,0.019629455267045744  
2,0.01522731658814432,0.011517843637519922  
3,0.010734902208913927,0.015955261468218688  
4,0.013292222795888896,0.013353352554333515  
5,0.008134664833078833,0.009561007531980673  
6,0.008834562321548419,0.008327977875104317  
7,0.008094675591229783,0.005451201234394923  
8,0.009011327047282091,0.005533676128834486  
9,0.007561644241499626,0.008900565226586202  
10,0.008143255388235572,0.005008536767071256  
11,0.007816100633605515,0.01225543368416719  
12,0.007682762572022579,0.013470267077000478  
13,0.00790553052892999,0.009216160382120272  
14,0.009286364429699415,0.006341487002105285  
15,0.005288276442652925,0.004339055062677615  
16,0.006042103820821018,0.00828624757914207  
17,0.006799595732399074,0.009972157541853495  
