1,0.0635966429136408,0.01297495684820443  
2,0.011297725845219158,0.007673842632876975  
3,0.008383192379962172,0.006589104414555093  
4,0.007188467764805107,0.005594547363135762  
5,0.00646691338908745,0.00589646627722776  
6,0.005968263142382019,0.005302004825800951  
7,0.005582870923644678,0.0050050712172217265  
8,0.0052799479678948165,0.004456794001804343  
9,0.005044864265098909,0.004859366695043342  
10,0.0048680263246938535,0.005815231642717945  
11,0.0046644328042008115,0.0045111658501214  
12,0.0045551029407136946,0.0035930194541022842  
13,0.004420548706649695,0.004297438807088166  
14,0.004264866951074231,0.003161913108566932  
15,0.004199955209226507,0.003764153962835596  
16,0.004083558365391106,0.003388468756482666  
17,0.004010738392006801,0.0031701825476558925  
18,0.0038679661699781644,0.004188984614140882  
19,0.0038901484654145476,0.003729560555835149  
20,0.003742466818619169,0.0038868302841822207  
21,0.003719008948738307,0.0033534587867869972  
22,0.0036428087254668155,0.0025637299361468977  
23,0.003556081202556136,0.0033157441794890636  
24,0.003530139550534223,0.0033661812381002264  
25,0.003484699229356096,0.003210580733425805  
26,0.0034080924180690006,0.003362205409412754  
27,0.003363246137912317,0.0033874244215838577  
28,0.003330425346328614,0.002481956158769248  
29,0.0032900201403357424,0.0026119028314434247  
30,0.003216897539035109,0.0029065542753437174  
31,0.0031746007674065407,0.002802835597330934  
32,0.0032310354821903156,0.003368103322733579  
33,0.003078177890120535,0.003004685254180299  
34,0.003120865482181466,0.0029601096462348263  
35,0.003096235718883133,0.003078029487566481  
36,0.0030156973796452067,0.00272109028149231  
37,0.003031224443963388,0.0026859744690505448  
38,0.0029279854609420074,0.0026928584465270708  
39,0.0029760235076841577,0.00204797464840371  
40,0.002903778011868432,0.0028059443371746635  
41,0.002855896694222238,0.003043080516058603  
42,0.0028797180938635036,0.002371463133251579  
43,0.002834938352972996,0.0026480629982821315  
44,0.0027996310655949213,0.002317119111063812  
45,0.0028079129091889083,0.0023527671743569702  
46,0.002729550733325114,0.0029322778613402926  
47,0.00276109474818206,0.002501819616532311  
48,0.0026989123517913477,0.0023547100405589554  
49,0.002648129989474181,0.001950679994371761  
50,0.0031574209519249843,0.005356720001826733  
51,0.004821236089572882,0.0038298299533815073  
52,0.004337524988717734,0.004562523007264425  
53,0.004268585045526668,0.00424536416683291  
54,0.004027413332490867,0.0038253200352834217  
55,0.003897193064004546,0.0036717355996829094  
56,0.0038126480776998328,0.004017621807506299  
57,0.003725105036660146,0.004156008745851041  
58,0.0035414007640012153,0.0029004967353981116  
59,0.003903881884390936,0.004240255229395305  
60,0.003820086211186772,0.002895745098948699  
61,0.003641392810120919,0.003356868934501054  
62,0.0035386993874266795,0.003580196536939793  
63,0.003767465331302858,0.003918961980815958  
64,0.0037916696221544973,0.0035349069326069994  
65,0.0034546879061760597,0.003210823174354992  
66,0.0034273149971347236,0.00289179555718498  
67,0.003630147610859173,0.0037740460686440684  
68,0.0036202888247858773,0.003006127440448612  
69,0.003657683706598986,0.0025754001179682504  
70,0.0035051970186120852,0.003532794116092433  
71,0.0033980377492225542,0.0034445070356515974  
72,0.003321618934483219,0.003427876002416749  
73,0.0032568992876515885,0.002625011525855496  
74,0.0038339773781974036,0.0035088815740103203  
75,0.0034006966183851195,0.003744107447426968  
76,0.0031819338772368037,0.003158859990014158  
77,0.0032428387554122285,0.003769068335288484  
78,0.0036444259508925034,0.0033265560592428364  
79,0.003389060919948623,0.003066632088062725  
80,0.003254380054408457,0.0030715475283251167  
81,0.003184743488421631,0.0031129066967703583  
82,0.0031893092186517937,0.0025068250509997455  
83,0.0034681703101921476,0.003122773682102194  
84,0.0033045524815649104,0.0032568967596081824  
85,0.0033341530168539348,0.003553944156996062  
86,0.0032502404066899514,0.0032050547768072836  
87,0.0031501847775231152,0.0030517090912541294  
88,0.0031081710281726685,0.0033475401125426215  
89,0.0032969595822229824,0.003383346622250057  
90,0.003187278691250896,0.0034111242080703745  
91,0.003096944794467673,0.0027766562837721973  
92,0.0027038153651971954,0.002218583963462725  
93,0.0032469633754135113,0.0033723676847890387  
94,0.0033174904942746154,0.00232725792445169  
95,0.003129087022638747,0.0025966028015363247  
96,0.003015630089966678,0.0024714321024220417  
97,0.0029464625884885885,0.002740153831801391  
98,0.0033865567923033486,0.0029026416011081247  
99,0.0027406696519791714,0.002627307798006925  
100,0.002630594625374633,0.0029904045189817993  
101,0.0032689280431548893,0.0030211263549573754  
102,0.003056439226298538,0.0029292483963164057  
103,0.002942888083208988,0.0028233757446717305  
104,0.002883375368408781,0.0029728656503936195  
105,0.0031744775383405464,0.002832772721779611  
106,0.002988836066862276,0.003002167876644675  
107,0.002777714318780793,0.002303551523510385  
108,0.0030550279886581862,0.002878303982528486  
109,0.002999764594544725,0.0027504195401839584  
110,0.0029600541527587468,0.0026353348420446584  
111,0.0029214366829146076,0.0030377692166770913  
112,0.0028648379555731387,0.003111014187363495  
113,0.00271698779536846,0.0024347935351336676  
114,0.003044702211648018,0.002994631483618702  
115,0.002914416982195233,0.0027639451000857824  
116,0.0027940515789790696,0.002460922351969507  
117,0.0027294242109629596,0.0029540645885350082  
118,0.0026920946892545613,0.0023041564439024243  
119,0.00281375532244569,0.0024179025929366134  
120,0.0027397364225459223,0.0020889761712025905  
121,0.0024378878528492375,0.002040931644156722  
122,0.0023279081825621243,0.0025499903395074636  
123,0.0022826893522829234,0.0018127390723721368  
124,0.0031264332806178814,0.0030134206952004156  
125,0.0031094972939856792,0.002480776593997487  
126,0.0028452598392470167,0.002570425774993861  
127,0.0027108165449284353,0.002943712385288747  
128,0.0026388731367321433,0.0025523932297425024  
129,0.0027996977504816567,0.003089749748621301  
130,0.002826682176320888,0.002611733247007569  
131,0.0027533597791509034,0.0026404281350981278  
132,0.0026793622554568673,0.0027839597176962296  
133,0.0026445216053077878,0.002242118861122525  
134,0.0024911027084484386,0.002480124711779318  
135,0.0027954008836682093,0.0022780805117372663  
136,0.002671448812407899,0.0023961536622987005  
137,0.002535827097706886,0.0019011135308273834  
138,0.0026807335565574076,0.0022150356061022562  
139,0.0026201159017523977,0.0028364511500365043  
140,0.0027036967659726063,0.00272305761670391  
141,0.0025846623650911016,0.0020700188105916744  
142,0.0025153414541790554,0.002346154446874199  
143,0.0024604960904498862,0.002144425766762768  
144,0.002710372349085085,0.002362579187570975  
145,0.00265288750157539,0.002497625424815663  
146,0.002609398403409414,0.002586320359168088  
147,0.002255690585455179,0.0029443566104755026  
148,0.0026793391050329556,0.002789671773669021  
149,0.0023403065275069885,0.0023371972834113344  
150,0.0024313808736011696,0.0026933592400086924  
151,0.0026070215947802734,0.0025610647547366144  
152,0.002613849714414609,0.002467265099131048  
153,0.002605453200511738,0.0027203054426540737  
154,0.0025679214893213963,0.0027185859894976387  
155,0.0025655295105994993,0.0021805107705937378  
156,0.002448346340081262,0.0026103739840038155  
157,0.0025242052307897587,0.0024804996597245703  
158,0.0024303599461127814,0.002052419432415971  
159,0.002390529764475437,0.002327172961911838  
160,0.0022890735052538977,0.00217616396928619  
161,0.002644781957831532,0.0023994998882520082  
162,0.002471329094290422,0.0017707553208149566  
163,0.0023864460577669097,0.002488658102825651  
164,0.002334372645068771,0.002053537777638788  
165,0.002642207242344029,0.0027038947956664074  
166,0.0024911483383870552,0.0021753476099959884  
167,0.0024712901409936075,0.0027979337942919563  
168,0.0024425927513094053,0.0018998774856998782  
169,0.002117134857020675,0.0018640120721334968  
170,0.0020856560793630647,0.001608558776192  
171,0.0023665409121428737,0.0027415853847056774  
172,0.0025643404396348195,0.0028565022394776785  
173,0.002458727891388177,0.002878390823770773  
174,0.002353138333747897,0.0019330202987224892  
175,0.00228338032629899,0.0027984854767530275  
176,0.00224667843325771,0.0019025376377388688  
177,0.002491703840663806,0.002449965042525471  
178,0.002459931559698455,0.002246737234716492  
179,0.0023599895202467145,0.0020937424020043443  
180,0.00221014643438446,0.0026999952551436247  
181,0.00243549051821128,0.002620484248684545  
182,0.0024178623552807326,0.0022755785308447964  
183,0.002348578798678746,0.00215509240607286  
184,0.0023187060158161078,0.0027319253548484276  
185,0.0021166166567279333,0.0020006803143081332  
186,0.001974975218905545,0.0018998791745822566  
187,0.0023881535354891357,0.0018289733983190923  
188,0.0024419470880024836,0.00270118598546374  
189,0.002314814720513747,0.0021129898850810644  
190,0.002230093817677647,0.0021056725122860355  
191,0.0021825965436318246,0.0018305696037786054  
192,0.0021844808554166493,0.0021704251641692053  
193,0.002418875345434565,0.002050888988423377  
194,0.0020710292060531752,0.0016544975880579335  
195,0.002142423466951278,0.0021816606442971623  
196,0.0022632042136698804,0.002431976766064029  
197,0.002451980957041011,0.0022113674545082554  
198,0.0023935815677994326,0.0022569550361869663  
199,0.0022596492544011268,0.002422495735946841  
200,0.0021758566071840737,0.002318491281831426  
201,0.002229687019140956,0.001727537363836441  
202,0.0020170728440756687,0.002023725526113742  
203,0.0021113954697011966,0.0021520683351500427  
204,0.0024060872987801863,0.002032324471029228  
205,0.0023049837873132333,0.0021951403216518496  
206,0.0021956786829718626,0.0019656713785869734  
207,0.0021333091085912977,0.0017152951630015898  
208,0.0021470022458381925,0.0017187680459576729  
209,0.0023635917173646624,0.0022688583594751475  
210,0.002236067168560619,0.0017692149425237416  
211,0.0020990492374464245,0.002039347272916821  
212,0.002025259821351215,0.002205536839565987  
213,0.002410016192986471,0.002276974565032961  
214,0.0022401145070414822,0.0023482741175558913  
215,0.002144247604183567,0.002062948588098358  
216,0.0020860655785729714,0.0021149113790356906  
217,0.002053906262904172,0.001901563345867535  
218,0.0023893784177538256,0.0024386364404625936  
219,0.0021087725100006893,0.0019599522499532756  
220,0.0021698736064038678,0.0022476632560929056  
221,0.002176583955106601,0.0023031417828677176  
222,0.002172610808881032,0.0021288642588672526  
223,0.0020886468319773984,0.0022756260867905  
224,0.002201399591082921,0.001961878857579945  
225,0.0018868569782789057,0.0020121294584152806  
226,0.002002116848425842,0.0022436956544704917  
227,0.0023073729100062767,0.0020710439318011105  
228,0.002202035065006971,0.002248293058396193  
229,0.0021903115561562963,0.0020616357243422585  
230,0.002151133128334784,0.0019407150796683405  
231,0.0021053471189569875,0.00238542791841359  
232,0.002080778378379963,0.0020547904994045133  
233,0.0021923669347805636,0.0019702533290955455  
234,0.0021516133930521144,0.001999053353985102  
235,0.0020641522645911377,0.0018589784766276701  
236,0.0020117331511188517,0.0018581839282928135  
237,0.0019813277247566277,0.0018657696137452508  
238,0.0021911587315459023,0.0026634431689555567  
239,0.0021438554492340996,0.0016623922363336525  
240,0.0019526988578609837,0.0020492437010025378  
241,0.0020488398745883165,0.0025467822096526182  
242,0.0022174090833341513,0.0021382892892003206  
243,0.002086319916034669,0.0019854830171949613  
244,0.0020114542970771313,0.0016532302008290302  
245,0.001968866695636942,0.0014870014870906332  
246,0.0019396962305913818,0.0018080911373150686  
247,0.0019271055675348597,0.0028193244627984287  
248,0.0022341679012604083,0.0017090026097684144  
249,0.0018019631496088689,0.0016097553794643855  
250,0.001943533438605091,0.00256715251220014  
251,0.0020775947900722614,0.0024345099256176668  
252,0.002186613992580216,0.002155204526070744  
253,0.0020609838763926865,0.002328279624312309  
254,0.0019931787558432135,0.0016636784897263856  
255,0.0019363150944063628,0.0021915241704308632  
256,0.0020652747281440873,0.001815146006175817  
257,0.0018240941971546941,0.0020033482747758035  
258,0.0019487942830993686,0.0017215282566790363  
259,0.002000689540603539,0.0019432957877125133  
260,0.002194659804717641,0.002414614601024046  
261,0.002056496198376712,0.0017415993947884425  
262,0.0019725911527748775,0.0019983645337014436  
263,0.0019170672455088654,0.0015866745692297009  
264,0.0018941372886903663,0.001768960833109071  
265,0.0020843023561648633,0.0022828129780813684  
266,0.0019055664854104718,0.00200074591462872  
267,0.002030123642950809,0.0022724975712523966  
268,0.001987195633374518,0.0018791957566826581  
269,0.0019779675976837295,0.002163561179160411  
270,0.0021213778373314787,0.002372059315039313  
271,0.0020256676469387596,0.0015764580557829347  
272,0.0019694511662642976,0.0021495372297820345  
273,0.0020146912863504025,0.0014789354186872104  
274,0.0019401304427054077,0.0017172406046775173  
275,0.0018886974627372747,0.0017340109801708991  
276,0.0020588709387071562,0.0021612332145146697  
277,0.0019849102107730113,0.001866461869714589  
278,0.0018545996214389697,0.0016953023351279311  
279,0.0019333435044841328,0.001546418111372207  
280,0.002023012787817559,0.0020273736852400113  
281,0.0020241302451060417,0.0018293626527324906  
282,0.0019246270768149701,0.002109605096409033  
283,0.001877697129922072,0.0015901876349699467  
284,0.0018406590018486312,0.00225521836617934  
285,0.0018193079357421615,0.0016864678120525013  
286,0.0018134324414694506,0.0017798568295278206  
287,0.002145618417718892,0.001867749584320327  
288,0.00209972305379107,0.001772185238743467  
289,0.0018817882693635513,0.00178092944532119  
290,0.0017969804196959224,0.0018002118185859888  
291,0.0019217471718684306,0.0023789535244477206  
292,0.002017821461523685,0.002016850213263312  
293,0.0019889719283714474,0.0018356877861984919  
294,0.0018954032736762268,0.0021571223922257354  
295,0.001844051151653226,0.0015065782546327252  
296,0.001895513470310601,0.0021783546911635127  
297,0.002033263643658379,0.001834944369422795  
298,0.0018250958804196908,0.0017260930121284473  
299,0.0018949159850992704,0.002239640890460076  
300,0.001904398511984882,0.0018797342044994088  
301,0.0018722300846876012,0.0019105443630018845  
302,0.0018841383560116076,0.002279483354214597  
303,0.0019352886033202246,0.0015009589375138944  
304,0.0018874964168139503,0.0022250600652356308  
305,0.0018657470784776355,0.001381166521322184  
306,0.001907215938004519,0.0017170132444070405  
307,0.0019308461268993829,0.0016210297446037308  
308,0.001932189453033023,0.0017815043540726522  
309,0.0018597670756961878,0.0019496858964119053  
310,0.0018103106790270903,0.0017212697062779017  
311,0.0017777944704881164,0.0020570133593658287  
312,0.0018314918124308413,0.0029951479604807246  
313,0.002083380735813533,0.002057918558456921  
314,0.0018857008690754348,0.0021088485000425664  
315,0.0018390419654457308,0.0015873328686274331  
316,0.0018902919003707503,0.0018631765301215459  
317,0.001897292283448011,0.001831100330334799  
318,0.0018433218575261195,0.001516883963434567  
319,0.0018186656756566688,0.002145487377007166  
320,0.0018057789120544073,0.001949630838846375  
321,0.0019128507198700974,0.0017434739911460818  
322,0.0018485266235024255,0.0018328932719534547  
323,0.0018228746659385254,0.001439208563375906  
324,0.0018008657575354552,0.0020834445698746464  
325,0.0018342704591682044,0.002064082144158594  
326,0.0018868446589418353,0.002023372087476252  
327,0.001827660804040055,0.00193011015366873  
328,0.001805564731388687,0.0016885667533517398  
329,0.0017884922504282268,0.0018860136119768097  
330,0.0017843892585278492,0.0013191362795892535  
331,0.0017026176790541317,0.0019325094648494656  
332,0.0019280429368105291,0.0016175828492177163  
333,0.0018560694143636871,0.0018632413252839461  
334,0.0018994181339048134,0.0021699494154655873  
335,0.0018119491358492069,0.0016110888080157597  
336,0.0017571423222223226,0.0018318999980764437  
337,0.0017245105311164198,0.0017532182242629563  
338,0.0017548146136818967,0.0015569801913721147  
339,0.00186970432691328,0.001966846656063434  
340,0.0018225622161385645,0.0017677745632735525  
341,0.0017754728966700853,0.0019594115977005786  
342,0.0018281562550752732,0.002227401628108521  
343,0.0018151799165757327,0.0016862223965111258  
344,0.0017737370103643071,0.0019005035673006635  
345,0.0017538597387057253,0.0016968614184366439  
346,0.001761400489662271,0.002136738845858301  
347,0.001856682008823529,0.0015010209553393311  
348,0.001807716054085785,0.001945977390564868  
349,0.0017372321038107788,0.001621786082906676  
350,0.0016967105737624476,0.0017735616893512127  
351,0.0017051316581939051,0.0021196374637556486  
352,0.0018794717131675796,0.001908229791852898  
353,0.0017618840107635858,0.0018031729397873207  
354,0.0017280470229399745,0.0017487251967090766  
355,0.0018000839134509504,0.001543294602839891  
356,0.0017440674797297563,0.0013232035069207987  
357,0.0017265160535608226,0.001835150877587277  
358,0.0018101995754078394,0.0019257114230990043  
359,0.001735568132968652,0.0016076138410533738  
360,0.0016906134758261438,0.0019884287692799136  
361,0.0017956275763055017,0.0024964278277119834  
362,0.0018349228696962526,0.0020308679616620096  
363,0.0016684860201189068,0.0015245481965411912  
364,0.001723801061666801,0.0019233645527196928  
365,0.0018508128030063384,0.002041328345136396  
366,0.001760392136651153,0.0017312455422295431  
367,0.0016976377942180749,0.0015908965606958115  
368,0.0016591104010334205,0.0016286554035221414  
369,0.0016419619394024958,0.001894129565205847  
370,0.0018629102005529175,0.001843396700996667  
371,0.0017609465538722037,0.001670207819107718  
372,0.0017035310594721953,0.00170678221402699  
373,0.0017636115614078187,0.0014932769570921735  
374,0.0016422219155031786,0.0018874302683076982  
375,0.001729480693853405,0.0016078774202523266  
376,0.0017078630305755274,0.001731897816704265  
377,0.001731504467948752,0.0019528664381293754  
378,0.0017743912555491519,0.0014349196755368574  
379,0.0017132613615648828,0.0016004983794513008  
380,0.001749578146637135,0.0020308216576111213  
381,0.0017241006384470633,0.0019016806833363445  
382,0.0016631630714982748,0.0017114430046617397  
383,0.0016337797667941513,0.001533876462229367  
384,0.001606747258181979,0.0017469125550946798  
385,0.0015919260901337301,0.0013090983862424352  
386,0.0018564848710364219,0.0015777580352876281  
387,0.0015462256297923442,0.0013883690409399018  
388,0.0015686293520383822,0.0015966606617726275  
389,0.0016155457107888906,0.0016066926167910835  
390,0.0017486959278018891,0.0015925041519178839  
391,0.0018434316923400512,0.0018673701627005643  
392,0.0017232689686048166,0.0014939202710279617  
393,0.0016522013139343115,0.001971084876284187  
394,0.0016150510109772822,0.001242227705535043  
395,0.0015888440005727865,0.0016774744950372525  
396,0.0018334588817181228,0.0014909487705118036  
397,0.0015405296300982452,0.0013688194721460049  
398,0.001506555912276334,0.0014456217871116374  
399,0.001791203080170272,0.0016454892012799903  
400,0.0017864018372821425,0.001741004572135254  
401,0.001712712838123017,0.0016890102699215483  
402,0.0016749447024222918,0.0015558882311371893  
403,0.001698936036388789,0.001458182662560288  
404,0.0016787061317684291,0.0017989445104965656  
405,0.00162683917819571,0.0014986821124559552  
406,0.0015814554600129455,0.001764235517991881  
407,0.001568042037551022,0.0015390478940497112  
408,0.00154618892529882,0.0018224513428882132  
409,0.0017862505046650767,0.002191037744779158  
410,0.0018568257196848556,0.0016964916243066488  
411,0.0016165432233837165,0.0018345368400977677  
412,0.00153616096383084,0.0013251646864572036  
413,0.0018044549867166824,0.0018764173186480485  
414,0.0016870596689473876,0.0015248898686290595  
415,0.001611840424049996,0.001613944845177747  
416,0.001565820465711325,0.0012600936151563828  
417,0.0015495165919670868,0.0016455517398202655  
418,0.0017271997735232036,0.001990159170064396  
419,0.0017431368442894794,0.001693768449714912  
420,0.0015834268135463214,0.0013746158340303548  
421,0.0016427786565687546,0.0013368692251353575  
422,0.0017164096135633125,0.0018400457742729504  
423,0.0016355348539210935,0.0014799045590371848  
424,0.001572869040675539,0.0018101544193969352  
425,0.0015439241017192239,0.0013762373784602863  
426,0.0015258194451976425,0.0017343660130674763  
427,0.0018404419237799709,0.0020683500858418315  
428,0.0017916096207273651,0.001637139544005648  
429,0.001590808724922871,0.0015078371676290638  
430,0.001518502725184431,0.0013701434727767345  
431,0.001783980760408585,0.0017727242038342093  
432,0.001653619410343572,0.0016968057621637442  
433,0.0015750756286058692,0.001515308136964593  
434,0.0015343450320534123,0.0014058460648919415  
435,0.0015784539963777473,0.0020274232884896506  
436,0.0016427028705998737,0.002275941932454632  
437,0.0016602871806493827,0.0013854266299173383  
438,0.0016000731913080823,0.0015996391741613964  
439,0.001576240808063735,0.001707597118412406  
440,0.0015593607948917753,0.0015174086989027452  
441,0.001630149023584658,0.001555839465160308  
442,0.0015680549397759582,0.0012309885804032163  
443,0.0016658485729980708,0.0018975495399787949  
444,0.0016597561661530454,0.0017708917555578163  
445,0.0015947009677729385,0.0016140447622119206  
446,0.0015650423181175095,0.0017781865346048191  
447,0.0015565032777879453,0.0015514281703379426  
448,0.0015490326960652236,0.0017625525034046525  
449,0.0016384886359497386,0.0016915335370402032  
450,0.00164037535229912,0.0017115349968519116  
451,0.0015885267546238177,0.0014593386391792537  
452,0.0015583690896773068,0.0016671949297905409  
453,0.0015501681563545031,0.0013801689125514896  
454,0.001542377037414794,0.0017111133698034537  
455,0.0015996348868101472,0.001503890757609544  
456,0.0014905240646326584,0.002008296044089194  
457,0.0016193489478381823,0.0014575223376506509  
458,0.0016795027650607173,0.0018942125613016668  
459,0.001576705039916917,0.0015874420994608273  
460,0.0015159943595346882,0.0016622593382079832  
461,0.0014934487176818923,0.0015572457094883243  
462,0.0014613594292770123,0.0015226355541653454  
463,0.001736716154349468,0.002237810378233567  
464,0.0015470101347984909,0.0015956806368767995  
465,0.001596135061756685,0.001729461985520945  
466,0.0015609234698012939,0.0014000228317133311  
467,0.0015031176749844013,0.001729468673380468  
468,0.0014733777114576318,0.0015307124784408972  
469,0.0014580169072835494,0.0016044823405805407  
470,0.0017430399936374005,0.0016318384352658549  
471,0.0015905346763596094,0.0014883047038588325  
472,0.0014673650280153867,0.0014899123271954764  
473,0.001579966697880823,0.0016547808081847546  
474,0.0015794468499259304,0.001693446380132121  
475,0.0015494510351326512,0.0012236302299883785  
476,0.0015251938483226747,0.0016979229724805418  
477,0.0015153054018968955,0.0014061876469443145  
478,0.0015338653644209384,0.0013204741089838773  
479,0.0016143178443168047,0.0016528717775512577  
480,0.0015528999144886378,0.0015832395975253191  
481,0.0015249210308413005,0.0013068952325850799  
482,0.001511339278314068,0.0012771411193305343  
483,0.0015770057966699013,0.0018751481192397514  
484,0.001506830016816301,0.0016557950683607917  
485,0.001464441897289159,0.0012219277763363028  
486,0.0015085654291454118,0.0021349226578776474  
487,0.0016709362831654657,0.0016006984647014752  
488,0.001492433793897958,0.0015123624026573497  
489,0.0015285223534246355,0.0017411113467774  
490,0.0015999591229515935,0.0014092291142158394  
491,0.0015123554412924559,0.0014881652761526002  
492,0.0014538344434699374,0.0016653991150646814  
493,0.0014387153913283182,0.0013209780829550304  
494,0.0014142785663473119,0.0014560710612381695  
495,0.0017097555137424363,0.0020405261822072376  
496,0.001589402287082182,0.0014071447925018193  
497,0.0014815595741659558,0.0014510594905936733  
498,0.0015015663187269393,0.0015366570777466217  
499,0.0014512051121601088,0.001777390295667161  
500,0.0016360585447984914,0.0017279604991228123  
501,0.0015254366622900247,0.0014857834691337764  
502,0.001455299613854559,0.0015398269987165047  
503,0.0014314013577913314,0.001113500512030728  
504,0.0014095627005091943,0.00145524157110253  
505,0.0015913138599281007,0.0013784750896905149  
506,0.0014838086987134938,0.001543902505872762  
507,0.001507011495728552,0.0014723996130584422  
508,0.001483215838476029,0.0015196568840710914  
509,0.00146841949771908,0.001228008053398558  
510,0.0014712344122911035,0.001966601223891298  
511,0.0015612173687994401,0.0014425754212210038  
512,0.0013965884680317824,0.0015050350645960772  
513,0.001547522798670579,0.0019002907302716903  
514,0.0016073929016131143,0.0016438753826984117  
515,0.0014983346865866138,0.0018338903049557593  
516,0.0014406101480418433,0.0014561268694818093  
517,0.0014084170942392706,0.001466741811786893  
518,0.0016104564012291123,0.001602474105168189  
519,0.0013750233088753053,0.0014229982998451502  
520,0.0015185011945460446,0.0015785068008599096  
521,0.0015220468549888568,0.0015968668338810575  
522,0.0014497179875494295,0.0015497420870887089  
523,0.0014108392131719283,0.0014854779207776187  
524,0.001377430967159102,0.0012506020904559953  
525,0.0016552669049698196,0.0014516788396039253  
526,0.0014167832488920994,0.0012143877497759505  
527,0.0014730101448843962,0.0017571034307908176  
528,0.001507073281031063,0.0015559402475674897  
529,0.0014301888820737964,0.0015345839886774717  
530,0.0014258642717043931,0.0018712179792650374  
531,0.0016057440793654438,0.0014024524085838438  
532,0.0013810721674661448,0.0011732257309649597  
533,0.0012969619927940832,0.0013238242139186473  
534,0.0016104072686901336,0.0014527611826716238  
535,0.0015420162403722414,0.0015519998487075928  
536,0.0014502332944955146,0.0014977012646242315  
537,0.0013991922183929316,0.0013477824802689364  
538,0.0013810720062288958,0.0013315518423364374  
539,0.0013585442909159623,0.001187665222827437  
540,0.001636978625790427,0.0016641698409505005  
541,0.001548944429319209,0.0015842118432396665  
542,0.0014051895248719884,0.001213173919903307  
543,0.001450224230325544,0.00196938380642606  
544,0.0015275500550905067,0.001386354922826214  
545,0.001438424092813197,0.0015095895439560705  
546,0.0013859828233147747,0.0013393187520364897  
547,0.0013595613369471573,0.0013918167087960567  
548,0.0015797990371022076,0.0013598954360106309  
549,0.001450896570183181,0.0013989751093007  
550,0.0012980938732108094,0.0011102261235065795  
551,0.0013517793251740186,0.0013786406328516274  
552,0.001445477793499412,0.0016906868197308312  
553,0.001598796827510934,0.001531256970678791  
554,0.0014703777989450491,0.001300653297651394  
555,0.0013967101297500293,0.0012199243672852739  
556,0.0013646975399777034,0.0013048912575147275  
557,0.0013497640911768797,0.0016476371006700647  
558,0.0016387250959525982,0.0014021030823319343  
559,0.0014678567075186802,0.0014732487188890723  
560,0.0013928889781269099,0.001221825239670651  
561,0.0014386672201284082,0.0015160325459282608  
562,0.0013904365181974833,0.00117503120930948  
563,0.0014092971273464271,0.001166786155502858  
564,0.0014671361851035405,0.0016837197693129037  
565,0.001428669700253015,0.0012247255777371267  
566,0.0014125626791391898,0.0013982371428265727  
567,0.0013983231137234082,0.0011862708218946245  
568,0.001463150028755908,0.001573497978305178  
569,0.0014322381632934725,0.001294081195101619  
570,0.0014525906175524256,0.0013062284973775738  
571,0.0014691052606283892,0.0015262531241622243  
572,0.001416368290330916,0.0011115430463151318  
573,0.0013682313952173143,0.0013684801065725425  
574,0.0013369105274396388,0.001340857355997627  
575,0.0013200907861710062,0.0013919479438456997  
576,0.0015802569318244734,0.0014079083508486158  
577,0.0013748992064915831,0.0011872997142723188  
578,0.0012662886509684787,0.001692491850191773  
579,0.0015482276196198909,0.0013827949342561032  
580,0.001452072823293611,0.001037546518382621  
581,0.0014170952869793367,0.0014963640196001147  
582,0.0013904668514873144,0.0012895748061655557  
583,0.0013829146470073026,0.001628572609289343  
584,0.0014362772316217605,0.0014057626822743144  
585,0.0014510132223919346,0.001451516531412421  
586,0.0014013792416535135,0.0014025916889071318  
587,0.0014355009882499948,0.0016040947245837653  
588,0.001377204154822521,0.0013442686621301574  
589,0.0013435913873706597,0.0014460673349280956  
590,0.00131787372370111,0.0012447289208390663  
591,0.0014017312752994796,0.0013181705347817445  
592,0.0012668749089969342,0.0015843151162465657  
593,0.0014007764173596968,0.0017430775803445007  
594,0.0014922094372350995,0.0015184976931275993  
595,0.0014301488700871217,0.0017045564958688073  
596,0.001395612656956584,0.0012262122547299845  
597,0.001376689224705126,0.0011622092515698134  
598,0.0013634087558420382,0.0012000008197180156  
599,0.001493410118498583,0.0014267697026540199  
600,0.0013944225417018483,0.0013217459182745864  
601,0.0013467120874725048,0.0013320093694615541  
602,0.001312587088751136,0.00128866892234592  
603,0.0012997055218558278,0.0019939773706856914  
604,0.001317327962790775,0.0010879662913256532  
605,0.0013271735205139822,0.0012847960099642132  
606,0.0012682769307623316,0.0017188567687697672  
607,0.0015502681193925207,0.0013294019690471624  
608,0.001420391104727633,0.0015264656325903138  
609,0.001350228312483726,0.001251611400973694  
610,0.001307350325394902,0.0015480581704261048  
611,0.0015364349651384047,0.0015495805444856508  
612,0.0013808580285801393,0.0015049264095310726  
613,0.001348368210826744,0.0014476849074736972  
614,0.0014663186688495327,0.0013971625577217986  
615,0.001368059085127135,0.001594266658098313  
616,0.0013223697627303985,0.0012984857126024409  
617,0.0012887028404527736,0.0012960516064303923  
618,0.0013966457009678933,0.0017629909057289435  
619,0.0015015774516012352,0.0012869076915727608  
620,0.0013337455947886672,0.0013646934590912584  
621,0.0013517673062047035,0.0011346478518695006  
622,0.0013523280335823885,0.0015914410615358227  
623,0.0013195717796920198,0.0010552812669325272  
624,0.0014235329212302843,0.0014310601079065737  
625,0.0013825135445060008,0.0014931301223894057  
626,0.0013776757293591723,0.0014518261755233988  
627,0.0013801164617632169,0.0014087696774206652  
628,0.0013197329339899044,0.0014550597011226372  
629,0.0012920724592278695,0.0015228050961640887  
630,0.0013379619715618496,0.0016557545713126072  
631,0.0014544587751902406,0.0012395466451895574  
632,0.0012467993506090878,0.0012867160214872784  
633,0.0014072760474342424,0.0013606734677066503  
634,0.0013801538521741948,0.0014464266470913302  
635,0.0013187641135128118,0.0013728010934993184  
636,0.001429094886934573,0.001380658714247528  
637,0.0013645675028463378,0.001504306693497146  
638,0.0013741350774117826,0.0014258045387761714  
639,0.0013403390621026582,0.001405541674954257  
640,0.0013588674200977805,0.0013557021853656238  
641,0.0013409534378791754,0.0013401649738639006  
642,0.0012962929600239682,0.0010994229909592295  
643,0.001262529152413045,0.0013008983283913855  
644,0.0014910520419871064,0.0012643956309734967  
645,0.001348886184373267,0.0013421942913455181  
646,0.0013477363932361819,0.001199752166913134  
647,0.0012687976984793925,0.0013736460141131077  
648,0.0014164282178558175,0.00142077370168265  
649,0.001362176452201989,0.0013911717805295742  
650,0.0013413825303556248,0.001429631394274496  
651,0.0013717461776114896,0.0012381101529494736  
652,0.0013240046938313398,0.0013344080681715325  
653,0.0012843764883154543,0.0013189721620857275  
654,0.001255230268281771,0.0013995445436646638  
655,0.0013836925035628136,0.001508702675977107  
656,0.0013837246232396739,0.0012863693297771837  
657,0.0013534897688503673,0.0013594702310548187  
658,0.0013253325075219394,0.0013220493998286759  
659,0.0013108474071841778,0.0011905244811956444  
660,0.0013041229385603544,0.001483086846411008  
661,0.001351782956966994,0.00152247335436052  
662,0.0013785308282919721,0.0012418484926599955  
663,0.001358222812641321,0.0012950978134047661  
664,0.0012971599302773822,0.0011446830883089984  
665,0.0012641421303019992,0.001304124605273048  
666,0.001335712856952205,0.0013834270419268479  
667,0.001448581695722137,0.001528416666789485  
668,0.0012982181798283803,0.0013179760254240535  
669,0.0012740563499442715,0.001537422318667577  
670,0.0013472014546916798,0.0011644260711243073  
671,0.0013223704800840454,0.001266127694260531  
672,0.001260091590805414,0.0017340416564684124  
673,0.001347519249050109,0.0011803941087788108  
674,0.0013804029807600903,0.0015010432485867238  
675,0.0013490921326098438,0.0014108557866546762  
676,0.0012813297853616914,0.0014244721929446377  
677,0.001249798018654049,0.0012763397065060113  
678,0.0013306059449495755,0.0010297295354705835  
679,0.0013168911047633542,0.0014390101480834516  
680,0.001288536717613854,0.0012319102233018854  
681,0.0012809803968178634,0.0013031397500015759  
682,0.001351934465221113,0.001312727730817579  
683,0.0013849853277563373,0.001270325839510325  
684,0.001323673310113636,0.0013722779666270897  
685,0.0013034884841830344,0.001073380292214343  
686,0.0012824636038704304,0.0014714605348148003  
687,0.001231044892486159,0.0011679910104997052  
688,0.0013289316599938746,0.001765397302187025  
689,0.0014057515898089894,0.0012085325975806035  
690,0.0013135368300955547,0.0012788422660342431  
691,0.0012608668677677572,0.001105045528710806  
692,0.0012357385365863555,0.001268311477669978  
693,0.001336952686011272,0.0013808579995007865  
694,0.0013351670228259618,0.0012793813458198838  
695,0.0012883663482522716,0.001223542951758529  
696,0.0012709598749785162,0.0013597217019133527  
697,0.0012688263916111964,0.0012258952208267057  
698,0.0012618908348318047,0.0013402055993703712  
699,0.0012745014990141244,0.001437880565627969  
700,0.0013086069014267379,0.001299309274732259  
701,0.0014201219370896937,0.001443140754668877  
702,0.0012030243447280849,0.0011688917720451804  
703,0.001268918086119152,0.0014789757712198228  
704,0.0012836921649809784,0.0010294492452249408  
705,0.0013037159033395505,0.0009674676567811537  
706,0.0013212460873629054,0.0015104764148024061  
707,0.0013630724409011026,0.0012293996253817025  
708,0.0012845338325467258,0.0012694602543167  
709,0.001238136580668208,0.001098430421308894  
710,0.0012176995760297164,0.0013544772105897075  
711,0.0013844001704002714,0.0013636203564180455  
712,0.0012077379938075482,0.0011499805818655955  
713,0.0013047786898430734,0.0014122343763222761  
714,0.0012898548737002816,0.0013268418120348762  
715,0.0013684851595262254,0.001527886700086993  
716,0.0012200914837666608,0.0010545960297174935  
717,0.00127719578114971,0.0015000270466260575  
718,0.001347398072666122,0.0014417871289193777  
719,0.0012646499702395411,0.0015255076767133522  
720,0.00122525502208828,0.0011585561737528281  
721,0.0014047201670939913,0.001542965802960465  
722,0.0013252947838873139,0.0014398136776023237  
723,0.0012723155841328697,0.0011236556212697636  
724,0.0012589241639639572,0.0013673967375589782  
725,0.0011563463374251947,0.0014103454046795522  
726,0.001373393256468731,0.0014685133014452354  
727,0.0013171840407999187,0.0012496666377180903  
728,0.0013330334859157065,0.0012931801611557603  
729,0.0012579366505123311,0.0012898847920673308  
730,0.0012170787392028377,0.0011113448036384993  
731,0.001352471770201112,0.0014004442546048702  
732,0.001205127814237859,0.0012183745215036746  
733,0.001099261434145194,0.0019220842405226943  
734,0.0013868228344973631,0.00119104790512766  
735,0.0013119003448297858,0.0013282790148098553  
736,0.0013285959289548756,0.0015743661527361336  
737,0.0012683245523358963,0.0012282316442212007  
738,0.0012223483984056822,0.0011404644574034097  
739,0.0011948083250747689,0.0010906459535403278  
740,0.001317232113026524,0.0015693946771342033  
741,0.0013816102660579106,0.001266313818847678  
742,0.0012224632360362398,0.0013204695940192037  
743,0.0013227590776733302,0.0011834231328008136  
744,0.0012720481951750218,0.0013790929166994659  
745,0.0012129817394465078,0.001151357196487046  
746,0.0011974644507703335,0.001056290864760946  
747,0.001299954522263181,0.0011783865059088237  
748,0.0012750668110056596,0.0012960155452074015  
749,0.0011193172017255155,0.0011504992413715336  
750,0.0013345658685038522,0.0013945040297625687  
751,0.0013348512259840914,0.0011896060141987107  
752,0.001285441824395651,0.0013676821259928527  
753,0.001301188602960808,0.0012325136050618634  
754,0.0012363235507556317,0.0010963460124267512  
755,0.001200794044375835,0.0013790629698615063  
756,0.0012330564987466052,0.0013836011097862803  
757,0.0013164453259555669,0.0012176677268090214  
758,0.0012640428205283572,0.0012881009996607165  
759,0.0012398244604591656,0.0011911944594014015  
760,0.0012227158211836858,0.0014117011970156813  
761,0.0012521139834439608,0.0015669806465836876  
762,0.0012072162673880025,0.0010279824683704216  
763,0.0011657072413300623,0.0014231945330671636  
764,0.0013671924339003782,0.0012800301490535069  
765,0.0012640685105910492,0.0015625636686291088  
766,0.00121599494095061,0.001179607967006529  
767,0.0011887288896143048,0.001078903168127895  
768,0.0013101813430047694,0.0011523097410587033  
769,0.0011881884314827232,0.0015646897559168892  
770,0.001249501985036979,0.0012680266953986412  
771,0.0011982084842129426,0.001359517386715327  
772,0.0012999406544400788,0.001454736706525491  
773,0.001314770046804905,0.00120398868563507  
774,0.0012411524167281124,0.0015548455260528866  
775,0.0012817725965928429,0.0011255216665492563  
776,0.0012084082984251947,0.0011812172362149643  
777,0.0011776475822358337,0.001364804015224203  
778,0.0011585176586115064,0.001107508246098723  
779,0.0012057518346384427,0.0015945078586021742  
780,0.001342048632461279,0.001121027305667183  
781,0.001243479527980868,0.0011417489611254684  
782,0.001265982188445026,0.001098507522660413  
783,0.0012734634077698902,0.0012765490109321151  
784,0.0012156870064020599,0.0014912259072212162  
785,0.0011835149272332026,0.001179159114830049  
786,0.001271173219441498,0.0012054146442956892  
787,0.0012743256879460961,0.0013852990146386874  
788,0.0012292858066754449,0.001285962887759793  
789,0.0011976703635144343,0.001212044225046824  
790,0.0011973133590964776,0.0011643599242825299  
791,0.0012924097014350966,0.001392820201988511  
792,0.0012500155814485268,0.0012892051192752907  
793,0.001222550025078361,0.0010964737561636885  
794,0.0012112626027500821,0.0013349672235787062  
795,0.0012089545024844463,0.0009595051750751772  
796,0.0012377748924602822,0.001311782323709446  
797,0.0012694524458320715,0.001386332988573853  
798,0.001236362228428017,0.0012521469561851083  
799,0.0012386554565348821,0.0013485813858629815  
800,0.0011864884183352704,0.0011546252200178104  
801,0.001159064539258761,0.0012872715135393985  
802,0.0013102838825937426,0.0016317019534980869  
803,0.0012298070589155088,0.0013339638244360685  
804,0.0012590112570244885,0.0012906373517468498  
805,0.0012292817071930405,0.0012229890614206642  
806,0.001222321097998643,0.0011490170311714923  
807,0.0011703784190984735,0.0010835946975688777  
808,0.0012719676329329195,0.0011179888153017448  
809,0.0011216900950274998,0.00106690086486286  
810,0.0011942441626338334,0.0013034244141371673  
811,0.0013141272813065516,0.0012414663464629225  
812,0.0012258048830894616,0.0012991384997633583  
813,0.0011815905919012968,0.0011969852379380996  
814,0.001145795093750328,0.0012450867620402296  
815,0.001306360320168635,0.001271785779975428  
816,0.0012142383856520395,0.0011739164477287622  
817,0.0010925815010748362,0.0009923301582119147  
818,0.001172091420464062,0.001137757439308529  
819,0.0013253816183598044,0.0013601379245382003  
820,0.001221910606621917,0.0010904585013597323  
821,0.001172919623604051,0.0012939093288107605  
