1,0.1675222575508759,0.0921434393437038  
2,0.08095192844340195,0.05918668979421038  
3,0.058454242797782614,0.04683356042125542  
4,0.05130682635130782,0.045117675909414665  
5,0.047117313376598656,0.036959595409373346  
6,0.04201720044899485,0.036983798161662855  
7,0.03914821314064052,0.03352684327607672  
8,0.03663649389241215,0.033504817368728776  
9,0.03469503288017748,0.027187684349018363  
10,0.03296270605033906,0.026136883328040244  
11,0.03167210677022095,0.025781804512213603  
12,0.030823021510596474,0.024713412652094962  
13,0.03000988141481054,0.025876575264290637  
